0 668 32
0 669 32
668 672 32
672 68 32
669 673 16
673 68 32
668 671 16
671 673 16
669 670 16
670 672 16
0 674 32
0 675 32
674 678 32
678 69 32
675 679 16
679 69 32
674 677 16
677 679 16
675 676 16
676 678 16
68 680 32
68 681 32
680 684 32
684 72 32
681 685 16
685 72 32
680 683 16
683 685 16
681 682 16
682 684 16
72 686 32
72 687 32
686 690 32
690 8 32
687 691 16
691 8 32
686 689 16
689 691 16
687 688 16
688 690 16
69 692 16
69 693 16
692 696 16
696 73 16
693 697 8
697 73 16
692 695 8
695 697 8
693 694 8
694 696 8
73 698 32
73 699 32
698 702 32
702 8 32
699 703 16
703 8 32
698 701 16
701 703 16
699 700 16
700 702 16
68 704 16
68 705 16
704 708 16
708 71 16
705 709 8
709 71 16
704 707 8
707 709 8
705 706 8
706 708 8
71 710 16
71 711 16
710 714 16
714 73 16
711 715 8
715 73 16
710 713 8
713 715 8
711 712 8
712 714 8
69 716 16
69 717 16
716 720 16
720 70 16
717 721 8
721 70 16
716 719 8
719 721 8
717 718 8
718 720 8
70 722 16
70 723 16
722 726 16
726 72 16
723 727 8
727 72 16
722 725 8
725 727 8
723 724 8
724 726 8
0 728 32
0 729 32
728 732 32
732 74 32
729 733 16
733 74 32
728 731 16
731 733 16
729 730 16
730 732 16
0 734 32
0 735 32
734 738 32
738 75 32
735 739 16
739 75 32
734 737 16
737 739 16
735 736 16
736 738 16
74 740 32
74 741 32
740 744 32
744 78 32
741 745 16
745 78 32
740 743 16
743 745 16
741 742 16
742 744 16
78 746 32
78 747 32
746 750 32
750 9 32
747 751 16
751 9 32
746 749 16
749 751 16
747 748 16
748 750 16
75 752 16
75 753 16
752 756 16
756 79 16
753 757 8
757 79 16
752 755 8
755 757 8
753 754 8
754 756 8
79 758 32
79 759 32
758 762 32
762 9 32
759 763 16
763 9 32
758 761 16
761 763 16
759 760 16
760 762 16
74 764 16
74 765 16
764 768 16
768 77 16
765 769 8
769 77 16
764 767 8
767 769 8
765 766 8
766 768 8
77 770 16
77 771 16
770 774 16
774 79 16
771 775 8
775 79 16
770 773 8
773 775 8
771 772 8
772 774 8
75 776 16
75 777 16
776 780 16
780 76 16
777 781 8
781 76 16
776 779 8
779 781 8
777 778 8
778 780 8
76 782 16
76 783 16
782 786 16
786 78 16
783 787 8
787 78 16
782 785 8
785 787 8
783 784 8
784 786 8
8 788 32
8 789 32
788 792 32
792 80 32
789 793 16
793 80 32
788 791 16
791 793 16
789 790 16
790 792 16
8 794 32
8 795 32
794 798 32
798 81 32
795 799 16
799 81 32
794 797 16
797 799 16
795 796 16
796 798 16
80 800 32
80 801 32
800 804 32
804 84 32
801 805 16
805 84 32
800 803 16
803 805 16
801 802 16
802 804 16
84 806 32
84 807 32
806 810 32
810 12 32
807 811 16
811 12 32
806 809 16
809 811 16
807 808 16
808 810 16
81 812 16
81 813 16
812 816 16
816 85 16
813 817 8
817 85 16
812 815 8
815 817 8
813 814 8
814 816 8
85 818 32
85 819 32
818 822 32
822 12 32
819 823 16
823 12 32
818 821 16
821 823 16
819 820 16
820 822 16
80 824 16
80 825 16
824 828 16
828 83 16
825 829 8
829 83 16
824 827 8
827 829 8
825 826 8
826 828 8
83 830 16
83 831 16
830 834 16
834 85 16
831 835 8
835 85 16
830 833 8
833 835 8
831 832 8
832 834 8
81 836 16
81 837 16
836 840 16
840 82 16
837 841 8
841 82 16
836 839 8
839 841 8
837 838 8
838 840 8
82 842 16
82 843 16
842 846 16
846 84 16
843 847 8
847 84 16
842 845 8
845 847 8
843 844 8
844 846 8
12 848 32
12 849 32
848 852 32
852 86 32
849 853 16
853 86 32
848 851 16
851 853 16
849 850 16
850 852 16
12 854 32
12 855 32
854 858 32
858 87 32
855 859 16
859 87 32
854 857 16
857 859 16
855 856 16
856 858 16
86 860 32
86 861 32
860 864 32
864 90 32
861 865 16
865 90 32
860 863 16
863 865 16
861 862 16
862 864 16
90 866 32
90 867 32
866 870 32
870 2 32
867 871 16
871 2 32
866 869 16
869 871 16
867 868 16
868 870 16
87 872 16
87 873 16
872 876 16
876 91 16
873 877 8
877 91 16
872 875 8
875 877 8
873 874 8
874 876 8
91 878 32
91 879 32
878 882 32
882 2 32
879 883 16
883 2 32
878 881 16
881 883 16
879 880 16
880 882 16
86 884 16
86 885 16
884 888 16
888 89 16
885 889 8
889 89 16
884 887 8
887 889 8
885 886 8
886 888 8
89 890 16
89 891 16
890 894 16
894 91 16
891 895 8
895 91 16
890 893 8
893 895 8
891 892 8
892 894 8
87 896 16
87 897 16
896 900 16
900 88 16
897 901 8
901 88 16
896 899 8
899 901 8
897 898 8
898 900 8
88 902 16
88 903 16
902 906 16
906 90 16
903 907 8
907 90 16
902 905 8
905 907 8
903 904 8
904 906 8
9 908 16
9 909 16
908 912 16
912 92 16
909 913 8
913 92 16
908 911 8
911 913 8
909 910 8
910 912 8
9 914 16
9 915 16
914 918 16
918 93 16
915 919 8
919 93 16
914 917 8
917 919 8
915 916 8
916 918 8
92 920 16
92 921 16
920 924 16
924 96 16
921 925 8
925 96 16
920 923 8
923 925 8
921 922 8
922 924 8
96 926 16
96 927 16
926 930 16
930 13 16
927 931 8
931 13 16
926 929 8
929 931 8
927 928 8
928 930 8
93 932 8
93 933 8
932 936 8
936 97 8
933 937 4
937 97 8
932 935 4
935 937 4
933 934 4
934 936 4
97 938 16
97 939 16
938 942 16
942 13 16
939 943 8
943 13 16
938 941 8
941 943 8
939 940 8
940 942 8
92 944 8
92 945 8
944 948 8
948 95 8
945 949 4
949 95 8
944 947 4
947 949 4
945 946 4
946 948 4
95 950 8
95 951 8
950 954 8
954 97 8
951 955 4
955 97 8
950 953 4
953 955 4
951 952 4
952 954 4
93 956 8
93 957 8
956 960 8
960 94 8
957 961 4
961 94 8
956 959 4
959 961 4
957 958 4
958 960 4
94 962 8
94 963 8
962 966 8
966 96 8
963 967 4
967 96 8
962 965 4
965 967 4
963 964 4
964 966 4
13 968 32
13 969 32
968 972 32
972 98 32
969 973 16
973 98 32
968 971 16
971 973 16
969 970 16
970 972 16
13 974 32
13 975 32
974 978 32
978 99 32
975 979 16
979 99 32
974 977 16
977 979 16
975 976 16
976 978 16
98 980 32
98 981 32
980 984 32
984 102 32
981 985 16
985 102 32
980 983 16
983 985 16
981 982 16
982 984 16
102 986 32
102 987 32
986 990 32
990 2 32
987 991 16
991 2 32
986 989 16
989 991 16
987 988 16
988 990 16
99 992 16
99 993 16
992 996 16
996 103 16
993 997 8
997 103 16
992 995 8
995 997 8
993 994 8
994 996 8
103 998 32
103 999 32
998 1002 32
1002 2 32
999 1003 16
1003 2 32
998 1001 16
1001 1003 16
999 1000 16
1000 1002 16
98 1004 16
98 1005 16
1004 1008 16
1008 101 16
1005 1009 8
1009 101 16
1004 1007 8
1007 1009 8
1005 1006 8
1006 1008 8
101 1010 16
101 1011 16
1010 1014 16
1014 103 16
1011 1015 8
1015 103 16
1010 1013 8
1013 1015 8
1011 1012 8
1012 1014 8
99 1016 16
99 1017 16
1016 1020 16
1020 100 16
1017 1021 8
1021 100 16
1016 1019 8
1019 1021 8
1017 1018 8
1018 1020 8
100 1022 16
100 1023 16
1022 1026 16
1026 102 16
1023 1027 8
1027 102 16
1022 1025 8
1025 1027 8
1023 1024 8
1024 1026 8
8 1028 16
8 1029 16
1028 1032 16
1032 104 16
1029 1033 8
1033 104 16
1028 1031 8
1031 1033 8
1029 1030 8
1030 1032 8
8 1034 16
8 1035 16
1034 1038 16
1038 105 16
1035 1039 8
1039 105 16
1034 1037 8
1037 1039 8
1035 1036 8
1036 1038 8
104 1040 16
104 1041 16
1040 1044 16
1044 108 16
1041 1045 8
1045 108 16
1040 1043 8
1043 1045 8
1041 1042 8
1042 1044 8
108 1046 16
108 1047 16
1046 1050 16
1050 11 16
1047 1051 8
1051 11 16
1046 1049 8
1049 1051 8
1047 1048 8
1048 1050 8
105 1052 8
105 1053 8
1052 1056 8
1056 109 8
1053 1057 4
1057 109 8
1052 1055 4
1055 1057 4
1053 1054 4
1054 1056 4
109 1058 16
109 1059 16
1058 1062 16
1062 11 16
1059 1063 8
1063 11 16
1058 1061 8
1061 1063 8
1059 1060 8
1060 1062 8
104 1064 8
104 1065 8
1064 1068 8
1068 107 8
1065 1069 4
1069 107 8
1064 1067 4
1067 1069 4
1065 1066 4
1066 1068 4
107 1070 8
107 1071 8
1070 1074 8
1074 109 8
1071 1075 4
1075 109 8
1070 1073 4
1073 1075 4
1071 1072 4
1072 1074 4
105 1076 8
105 1077 8
1076 1080 8
1080 106 8
1077 1081 4
1081 106 8
1076 1079 4
1079 1081 4
1077 1078 4
1078 1080 4
106 1082 8
106 1083 8
1082 1086 8
1086 108 8
1083 1087 4
1087 108 8
1082 1085 4
1085 1087 4
1083 1084 4
1084 1086 4
11 1088 16
11 1089 16
1088 1092 16
1092 110 16
1089 1093 8
1093 110 16
1088 1091 8
1091 1093 8
1089 1090 8
1090 1092 8
11 1094 16
11 1095 16
1094 1098 16
1098 111 16
1095 1099 8
1099 111 16
1094 1097 8
1097 1099 8
1095 1096 8
1096 1098 8
110 1100 16
110 1101 16
1100 1104 16
1104 114 16
1101 1105 8
1105 114 16
1100 1103 8
1103 1105 8
1101 1102 8
1102 1104 8
114 1106 16
114 1107 16
1106 1110 16
1110 13 16
1107 1111 8
1111 13 16
1106 1109 8
1109 1111 8
1107 1108 8
1108 1110 8
111 1112 8
111 1113 8
1112 1116 8
1116 115 8
1113 1117 4
1117 115 8
1112 1115 4
1115 1117 4
1113 1114 4
1114 1116 4
115 1118 16
115 1119 16
1118 1122 16
1122 13 16
1119 1123 8
1123 13 16
1118 1121 8
1121 1123 8
1119 1120 8
1120 1122 8
110 1124 8
110 1125 8
1124 1128 8
1128 113 8
1125 1129 4
1129 113 8
1124 1127 4
1127 1129 4
1125 1126 4
1126 1128 4
113 1130 8
113 1131 8
1130 1134 8
1134 115 8
1131 1135 4
1135 115 8
1130 1133 4
1133 1135 4
1131 1132 4
1132 1134 4
111 1136 8
111 1137 8
1136 1140 8
1140 112 8
1137 1141 4
1141 112 8
1136 1139 4
1139 1141 4
1137 1138 4
1138 1140 4
112 1142 8
112 1143 8
1142 1146 8
1146 114 8
1143 1147 4
1147 114 8
1142 1145 4
1145 1147 4
1143 1144 4
1144 1146 4
9 1148 16
9 1149 16
1148 1152 16
1152 116 16
1149 1153 8
1153 116 16
1148 1151 8
1151 1153 8
1149 1150 8
1150 1152 8
9 1154 16
9 1155 16
1154 1158 16
1158 117 16
1155 1159 8
1159 117 16
1154 1157 8
1157 1159 8
1155 1156 8
1156 1158 8
116 1160 16
116 1161 16
1160 1164 16
1164 120 16
1161 1165 8
1165 120 16
1160 1163 8
1163 1165 8
1161 1162 8
1162 1164 8
120 1166 16
120 1167 16
1166 1170 16
1170 10 16
1167 1171 8
1171 10 16
1166 1169 8
1169 1171 8
1167 1168 8
1168 1170 8
117 1172 8
117 1173 8
1172 1176 8
1176 121 8
1173 1177 4
1177 121 8
1172 1175 4
1175 1177 4
1173 1174 4
1174 1176 4
121 1178 16
121 1179 16
1178 1182 16
1182 10 16
1179 1183 8
1183 10 16
1178 1181 8
1181 1183 8
1179 1180 8
1180 1182 8
116 1184 8
116 1185 8
1184 1188 8
1188 119 8
1185 1189 4
1189 119 8
1184 1187 4
1187 1189 4
1185 1186 4
1186 1188 4
119 1190 8
119 1191 8
1190 1194 8
1194 121 8
1191 1195 4
1195 121 8
1190 1193 4
1193 1195 4
1191 1192 4
1192 1194 4
117 1196 8
117 1197 8
1196 1200 8
1200 118 8
1197 1201 4
1201 118 8
1196 1199 4
1199 1201 4
1197 1198 4
1198 1200 4
118 1202 8
118 1203 8
1202 1206 8
1206 120 8
1203 1207 4
1207 120 8
1202 1205 4
1205 1207 4
1203 1204 4
1204 1206 4
10 1208 16
10 1209 16
1208 1212 16
1212 122 16
1209 1213 8
1213 122 16
1208 1211 8
1211 1213 8
1209 1210 8
1210 1212 8
10 1214 16
10 1215 16
1214 1218 16
1218 123 16
1215 1219 8
1219 123 16
1214 1217 8
1217 1219 8
1215 1216 8
1216 1218 8
122 1220 16
122 1221 16
1220 1224 16
1224 126 16
1221 1225 8
1225 126 16
1220 1223 8
1223 1225 8
1221 1222 8
1222 1224 8
126 1226 16
126 1227 16
1226 1230 16
1230 12 16
1227 1231 8
1231 12 16
1226 1229 8
1229 1231 8
1227 1228 8
1228 1230 8
123 1232 8
123 1233 8
1232 1236 8
1236 127 8
1233 1237 4
1237 127 8
1232 1235 4
1235 1237 4
1233 1234 4
1234 1236 4
127 1238 16
127 1239 16
1238 1242 16
1242 12 16
1239 1243 8
1243 12 16
1238 1241 8
1241 1243 8
1239 1240 8
1240 1242 8
122 1244 8
122 1245 8
1244 1248 8
1248 125 8
1245 1249 4
1249 125 8
1244 1247 4
1247 1249 4
1245 1246 4
1246 1248 4
125 1250 8
125 1251 8
1250 1254 8
1254 127 8
1251 1255 4
1255 127 8
1250 1253 4
1253 1255 4
1251 1252 4
1252 1254 4
123 1256 8
123 1257 8
1256 1260 8
1260 124 8
1257 1261 4
1261 124 8
1256 1259 4
1259 1261 4
1257 1258 4
1258 1260 4
124 1262 8
124 1263 8
1262 1266 8
1266 126 8
1263 1267 4
1267 126 8
1262 1265 4
1265 1267 4
1263 1264 4
1264 1266 4
0 1268 32
0 1269 32
1268 1272 32
1272 128 32
1269 1273 16
1273 128 32
1268 1271 16
1271 1273 16
1269 1270 16
1270 1272 16
0 1274 32
0 1275 32
1274 1278 32
1278 129 32
1275 1279 16
1279 129 32
1274 1277 16
1277 1279 16
1275 1276 16
1276 1278 16
128 1280 32
128 1281 32
1280 1284 32
1284 132 32
1281 1285 16
1285 132 32
1280 1283 16
1283 1285 16
1281 1282 16
1282 1284 16
132 1286 32
132 1287 32
1286 1290 32
1290 14 32
1287 1291 16
1291 14 32
1286 1289 16
1289 1291 16
1287 1288 16
1288 1290 16
129 1292 16
129 1293 16
1292 1296 16
1296 133 16
1293 1297 8
1297 133 16
1292 1295 8
1295 1297 8
1293 1294 8
1294 1296 8
133 1298 32
133 1299 32
1298 1302 32
1302 14 32
1299 1303 16
1303 14 32
1298 1301 16
1301 1303 16
1299 1300 16
1300 1302 16
128 1304 16
128 1305 16
1304 1308 16
1308 131 16
1305 1309 8
1309 131 16
1304 1307 8
1307 1309 8
1305 1306 8
1306 1308 8
131 1310 16
131 1311 16
1310 1314 16
1314 133 16
1311 1315 8
1315 133 16
1310 1313 8
1313 1315 8
1311 1312 8
1312 1314 8
129 1316 16
129 1317 16
1316 1320 16
1320 130 16
1317 1321 8
1321 130 16
1316 1319 8
1319 1321 8
1317 1318 8
1318 1320 8
130 1322 16
130 1323 16
1322 1326 16
1326 132 16
1323 1327 8
1327 132 16
1322 1325 8
1325 1327 8
1323 1324 8
1324 1326 8
0 1328 32
0 1329 32
1328 1332 32
1332 134 32
1329 1333 16
1333 134 32
1328 1331 16
1331 1333 16
1329 1330 16
1330 1332 16
0 1334 32
0 1335 32
1334 1338 32
1338 135 32
1335 1339 16
1339 135 32
1334 1337 16
1337 1339 16
1335 1336 16
1336 1338 16
134 1340 32
134 1341 32
1340 1344 32
1344 138 32
1341 1345 16
1345 138 32
1340 1343 16
1343 1345 16
1341 1342 16
1342 1344 16
138 1346 32
138 1347 32
1346 1350 32
1350 15 32
1347 1351 16
1351 15 32
1346 1349 16
1349 1351 16
1347 1348 16
1348 1350 16
135 1352 16
135 1353 16
1352 1356 16
1356 139 16
1353 1357 8
1357 139 16
1352 1355 8
1355 1357 8
1353 1354 8
1354 1356 8
139 1358 32
139 1359 32
1358 1362 32
1362 15 32
1359 1363 16
1363 15 32
1358 1361 16
1361 1363 16
1359 1360 16
1360 1362 16
134 1364 16
134 1365 16
1364 1368 16
1368 137 16
1365 1369 8
1369 137 16
1364 1367 8
1367 1369 8
1365 1366 8
1366 1368 8
137 1370 16
137 1371 16
1370 1374 16
1374 139 16
1371 1375 8
1375 139 16
1370 1373 8
1373 1375 8
1371 1372 8
1372 1374 8
135 1376 16
135 1377 16
1376 1380 16
1380 136 16
1377 1381 8
1381 136 16
1376 1379 8
1379 1381 8
1377 1378 8
1378 1380 8
136 1382 16
136 1383 16
1382 1386 16
1386 138 16
1383 1387 8
1387 138 16
1382 1385 8
1385 1387 8
1383 1384 8
1384 1386 8
14 1388 32
14 1389 32
1388 1392 32
1392 140 32
1389 1393 16
1393 140 32
1388 1391 16
1391 1393 16
1389 1390 16
1390 1392 16
14 1394 32
14 1395 32
1394 1398 32
1398 141 32
1395 1399 16
1399 141 32
1394 1397 16
1397 1399 16
1395 1396 16
1396 1398 16
140 1400 32
140 1401 32
1400 1404 32
1404 144 32
1401 1405 16
1405 144 32
1400 1403 16
1403 1405 16
1401 1402 16
1402 1404 16
144 1406 32
144 1407 32
1406 1410 32
1410 18 32
1407 1411 16
1411 18 32
1406 1409 16
1409 1411 16
1407 1408 16
1408 1410 16
141 1412 16
141 1413 16
1412 1416 16
1416 145 16
1413 1417 8
1417 145 16
1412 1415 8
1415 1417 8
1413 1414 8
1414 1416 8
145 1418 32
145 1419 32
1418 1422 32
1422 18 32
1419 1423 16
1423 18 32
1418 1421 16
1421 1423 16
1419 1420 16
1420 1422 16
140 1424 16
140 1425 16
1424 1428 16
1428 143 16
1425 1429 8
1429 143 16
1424 1427 8
1427 1429 8
1425 1426 8
1426 1428 8
143 1430 16
143 1431 16
1430 1434 16
1434 145 16
1431 1435 8
1435 145 16
1430 1433 8
1433 1435 8
1431 1432 8
1432 1434 8
141 1436 16
141 1437 16
1436 1440 16
1440 142 16
1437 1441 8
1441 142 16
1436 1439 8
1439 1441 8
1437 1438 8
1438 1440 8
142 1442 16
142 1443 16
1442 1446 16
1446 144 16
1443 1447 8
1447 144 16
1442 1445 8
1445 1447 8
1443 1444 8
1444 1446 8
18 1448 32
18 1449 32
1448 1452 32
1452 146 32
1449 1453 16
1453 146 32
1448 1451 16
1451 1453 16
1449 1450 16
1450 1452 16
18 1454 32
18 1455 32
1454 1458 32
1458 147 32
1455 1459 16
1459 147 32
1454 1457 16
1457 1459 16
1455 1456 16
1456 1458 16
146 1460 32
146 1461 32
1460 1464 32
1464 150 32
1461 1465 16
1465 150 32
1460 1463 16
1463 1465 16
1461 1462 16
1462 1464 16
150 1466 32
150 1467 32
1466 1470 32
1470 3 32
1467 1471 16
1471 3 32
1466 1469 16
1469 1471 16
1467 1468 16
1468 1470 16
147 1472 16
147 1473 16
1472 1476 16
1476 151 16
1473 1477 8
1477 151 16
1472 1475 8
1475 1477 8
1473 1474 8
1474 1476 8
151 1478 32
151 1479 32
1478 1482 32
1482 3 32
1479 1483 16
1483 3 32
1478 1481 16
1481 1483 16
1479 1480 16
1480 1482 16
146 1484 16
146 1485 16
1484 1488 16
1488 149 16
1485 1489 8
1489 149 16
1484 1487 8
1487 1489 8
1485 1486 8
1486 1488 8
149 1490 16
149 1491 16
1490 1494 16
1494 151 16
1491 1495 8
1495 151 16
1490 1493 8
1493 1495 8
1491 1492 8
1492 1494 8
147 1496 16
147 1497 16
1496 1500 16
1500 148 16
1497 1501 8
1501 148 16
1496 1499 8
1499 1501 8
1497 1498 8
1498 1500 8
148 1502 16
148 1503 16
1502 1506 16
1506 150 16
1503 1507 8
1507 150 16
1502 1505 8
1505 1507 8
1503 1504 8
1504 1506 8
15 1508 16
15 1509 16
1508 1512 16
1512 152 16
1509 1513 8
1513 152 16
1508 1511 8
1511 1513 8
1509 1510 8
1510 1512 8
15 1514 16
15 1515 16
1514 1518 16
1518 153 16
1515 1519 8
1519 153 16
1514 1517 8
1517 1519 8
1515 1516 8
1516 1518 8
152 1520 16
152 1521 16
1520 1524 16
1524 156 16
1521 1525 8
1525 156 16
1520 1523 8
1523 1525 8
1521 1522 8
1522 1524 8
156 1526 16
156 1527 16
1526 1530 16
1530 19 16
1527 1531 8
1531 19 16
1526 1529 8
1529 1531 8
1527 1528 8
1528 1530 8
153 1532 8
153 1533 8
1532 1536 8
1536 157 8
1533 1537 4
1537 157 8
1532 1535 4
1535 1537 4
1533 1534 4
1534 1536 4
157 1538 16
157 1539 16
1538 1542 16
1542 19 16
1539 1543 8
1543 19 16
1538 1541 8
1541 1543 8
1539 1540 8
1540 1542 8
152 1544 8
152 1545 8
1544 1548 8
1548 155 8
1545 1549 4
1549 155 8
1544 1547 4
1547 1549 4
1545 1546 4
1546 1548 4
155 1550 8
155 1551 8
1550 1554 8
1554 157 8
1551 1555 4
1555 157 8
1550 1553 4
1553 1555 4
1551 1552 4
1552 1554 4
153 1556 8
153 1557 8
1556 1560 8
1560 154 8
1557 1561 4
1561 154 8
1556 1559 4
1559 1561 4
1557 1558 4
1558 1560 4
154 1562 8
154 1563 8
1562 1566 8
1566 156 8
1563 1567 4
1567 156 8
1562 1565 4
1565 1567 4
1563 1564 4
1564 1566 4
19 1568 32
19 1569 32
1568 1572 32
1572 158 32
1569 1573 16
1573 158 32
1568 1571 16
1571 1573 16
1569 1570 16
1570 1572 16
19 1574 32
19 1575 32
1574 1578 32
1578 159 32
1575 1579 16
1579 159 32
1574 1577 16
1577 1579 16
1575 1576 16
1576 1578 16
158 1580 32
158 1581 32
1580 1584 32
1584 162 32
1581 1585 16
1585 162 32
1580 1583 16
1583 1585 16
1581 1582 16
1582 1584 16
162 1586 32
162 1587 32
1586 1590 32
1590 3 32
1587 1591 16
1591 3 32
1586 1589 16
1589 1591 16
1587 1588 16
1588 1590 16
159 1592 16
159 1593 16
1592 1596 16
1596 163 16
1593 1597 8
1597 163 16
1592 1595 8
1595 1597 8
1593 1594 8
1594 1596 8
163 1598 32
163 1599 32
1598 1602 32
1602 3 32
1599 1603 16
1603 3 32
1598 1601 16
1601 1603 16
1599 1600 16
1600 1602 16
158 1604 16
158 1605 16
1604 1608 16
1608 161 16
1605 1609 8
1609 161 16
1604 1607 8
1607 1609 8
1605 1606 8
1606 1608 8
161 1610 16
161 1611 16
1610 1614 16
1614 163 16
1611 1615 8
1615 163 16
1610 1613 8
1613 1615 8
1611 1612 8
1612 1614 8
159 1616 16
159 1617 16
1616 1620 16
1620 160 16
1617 1621 8
1621 160 16
1616 1619 8
1619 1621 8
1617 1618 8
1618 1620 8
160 1622 16
160 1623 16
1622 1626 16
1626 162 16
1623 1627 8
1627 162 16
1622 1625 8
1625 1627 8
1623 1624 8
1624 1626 8
14 1628 16
14 1629 16
1628 1632 16
1632 164 16
1629 1633 8
1633 164 16
1628 1631 8
1631 1633 8
1629 1630 8
1630 1632 8
14 1634 16
14 1635 16
1634 1638 16
1638 165 16
1635 1639 8
1639 165 16
1634 1637 8
1637 1639 8
1635 1636 8
1636 1638 8
164 1640 16
164 1641 16
1640 1644 16
1644 168 16
1641 1645 8
1645 168 16
1640 1643 8
1643 1645 8
1641 1642 8
1642 1644 8
168 1646 16
168 1647 16
1646 1650 16
1650 17 16
1647 1651 8
1651 17 16
1646 1649 8
1649 1651 8
1647 1648 8
1648 1650 8
165 1652 8
165 1653 8
1652 1656 8
1656 169 8
1653 1657 4
1657 169 8
1652 1655 4
1655 1657 4
1653 1654 4
1654 1656 4
169 1658 16
169 1659 16
1658 1662 16
1662 17 16
1659 1663 8
1663 17 16
1658 1661 8
1661 1663 8
1659 1660 8
1660 1662 8
164 1664 8
164 1665 8
1664 1668 8
1668 167 8
1665 1669 4
1669 167 8
1664 1667 4
1667 1669 4
1665 1666 4
1666 1668 4
167 1670 8
167 1671 8
1670 1674 8
1674 169 8
1671 1675 4
1675 169 8
1670 1673 4
1673 1675 4
1671 1672 4
1672 1674 4
165 1676 8
165 1677 8
1676 1680 8
1680 166 8
1677 1681 4
1681 166 8
1676 1679 4
1679 1681 4
1677 1678 4
1678 1680 4
166 1682 8
166 1683 8
1682 1686 8
1686 168 8
1683 1687 4
1687 168 8
1682 1685 4
1685 1687 4
1683 1684 4
1684 1686 4
17 1688 16
17 1689 16
1688 1692 16
1692 170 16
1689 1693 8
1693 170 16
1688 1691 8
1691 1693 8
1689 1690 8
1690 1692 8
17 1694 16
17 1695 16
1694 1698 16
1698 171 16
1695 1699 8
1699 171 16
1694 1697 8
1697 1699 8
1695 1696 8
1696 1698 8
170 1700 16
170 1701 16
1700 1704 16
1704 174 16
1701 1705 8
1705 174 16
1700 1703 8
1703 1705 8
1701 1702 8
1702 1704 8
174 1706 16
174 1707 16
1706 1710 16
1710 19 16
1707 1711 8
1711 19 16
1706 1709 8
1709 1711 8
1707 1708 8
1708 1710 8
171 1712 8
171 1713 8
1712 1716 8
1716 175 8
1713 1717 4
1717 175 8
1712 1715 4
1715 1717 4
1713 1714 4
1714 1716 4
175 1718 16
175 1719 16
1718 1722 16
1722 19 16
1719 1723 8
1723 19 16
1718 1721 8
1721 1723 8
1719 1720 8
1720 1722 8
170 1724 8
170 1725 8
1724 1728 8
1728 173 8
1725 1729 4
1729 173 8
1724 1727 4
1727 1729 4
1725 1726 4
1726 1728 4
173 1730 8
173 1731 8
1730 1734 8
1734 175 8
1731 1735 4
1735 175 8
1730 1733 4
1733 1735 4
1731 1732 4
1732 1734 4
171 1736 8
171 1737 8
1736 1740 8
1740 172 8
1737 1741 4
1741 172 8
1736 1739 4
1739 1741 4
1737 1738 4
1738 1740 4
172 1742 8
172 1743 8
1742 1746 8
1746 174 8
1743 1747 4
1747 174 8
1742 1745 4
1745 1747 4
1743 1744 4
1744 1746 4
15 1748 16
15 1749 16
1748 1752 16
1752 176 16
1749 1753 8
1753 176 16
1748 1751 8
1751 1753 8
1749 1750 8
1750 1752 8
15 1754 16
15 1755 16
1754 1758 16
1758 177 16
1755 1759 8
1759 177 16
1754 1757 8
1757 1759 8
1755 1756 8
1756 1758 8
176 1760 16
176 1761 16
1760 1764 16
1764 180 16
1761 1765 8
1765 180 16
1760 1763 8
1763 1765 8
1761 1762 8
1762 1764 8
180 1766 16
180 1767 16
1766 1770 16
1770 16 16
1767 1771 8
1771 16 16
1766 1769 8
1769 1771 8
1767 1768 8
1768 1770 8
177 1772 8
177 1773 8
1772 1776 8
1776 181 8
1773 1777 4
1777 181 8
1772 1775 4
1775 1777 4
1773 1774 4
1774 1776 4
181 1778 16
181 1779 16
1778 1782 16
1782 16 16
1779 1783 8
1783 16 16
1778 1781 8
1781 1783 8
1779 1780 8
1780 1782 8
176 1784 8
176 1785 8
1784 1788 8
1788 179 8
1785 1789 4
1789 179 8
1784 1787 4
1787 1789 4
1785 1786 4
1786 1788 4
179 1790 8
179 1791 8
1790 1794 8
1794 181 8
1791 1795 4
1795 181 8
1790 1793 4
1793 1795 4
1791 1792 4
1792 1794 4
177 1796 8
177 1797 8
1796 1800 8
1800 178 8
1797 1801 4
1801 178 8
1796 1799 4
1799 1801 4
1797 1798 4
1798 1800 4
178 1802 8
178 1803 8
1802 1806 8
1806 180 8
1803 1807 4
1807 180 8
1802 1805 4
1805 1807 4
1803 1804 4
1804 1806 4
16 1808 16
16 1809 16
1808 1812 16
1812 182 16
1809 1813 8
1813 182 16
1808 1811 8
1811 1813 8
1809 1810 8
1810 1812 8
16 1814 16
16 1815 16
1814 1818 16
1818 183 16
1815 1819 8
1819 183 16
1814 1817 8
1817 1819 8
1815 1816 8
1816 1818 8
182 1820 16
182 1821 16
1820 1824 16
1824 186 16
1821 1825 8
1825 186 16
1820 1823 8
1823 1825 8
1821 1822 8
1822 1824 8
186 1826 16
186 1827 16
1826 1830 16
1830 18 16
1827 1831 8
1831 18 16
1826 1829 8
1829 1831 8
1827 1828 8
1828 1830 8
183 1832 8
183 1833 8
1832 1836 8
1836 187 8
1833 1837 4
1837 187 8
1832 1835 4
1835 1837 4
1833 1834 4
1834 1836 4
187 1838 16
187 1839 16
1838 1842 16
1842 18 16
1839 1843 8
1843 18 16
1838 1841 8
1841 1843 8
1839 1840 8
1840 1842 8
182 1844 8
182 1845 8
1844 1848 8
1848 185 8
1845 1849 4
1849 185 8
1844 1847 4
1847 1849 4
1845 1846 4
1846 1848 4
185 1850 8
185 1851 8
1850 1854 8
1854 187 8
1851 1855 4
1855 187 8
1850 1853 4
1853 1855 4
1851 1852 4
1852 1854 4
183 1856 8
183 1857 8
1856 1860 8
1860 184 8
1857 1861 4
1861 184 8
1856 1859 4
1859 1861 4
1857 1858 4
1858 1860 4
184 1862 8
184 1863 8
1862 1866 8
1866 186 8
1863 1867 4
1867 186 8
1862 1865 4
1865 1867 4
1863 1864 4
1864 1866 4
2 1868 32
2 1869 32
1868 1872 32
1872 188 32
1869 1873 16
1873 188 32
1868 1871 16
1871 1873 16
1869 1870 16
1870 1872 16
2 1874 32
2 1875 32
1874 1878 32
1878 189 32
1875 1879 16
1879 189 32
1874 1877 16
1877 1879 16
1875 1876 16
1876 1878 16
188 1880 32
188 1881 32
1880 1884 32
1884 192 32
1881 1885 16
1885 192 32
1880 1883 16
1883 1885 16
1881 1882 16
1882 1884 16
192 1886 32
192 1887 32
1886 1890 32
1890 20 32
1887 1891 16
1891 20 32
1886 1889 16
1889 1891 16
1887 1888 16
1888 1890 16
189 1892 16
189 1893 16
1892 1896 16
1896 193 16
1893 1897 8
1897 193 16
1892 1895 8
1895 1897 8
1893 1894 8
1894 1896 8
193 1898 32
193 1899 32
1898 1902 32
1902 20 32
1899 1903 16
1903 20 32
1898 1901 16
1901 1903 16
1899 1900 16
1900 1902 16
188 1904 16
188 1905 16
1904 1908 16
1908 191 16
1905 1909 8
1909 191 16
1904 1907 8
1907 1909 8
1905 1906 8
1906 1908 8
191 1910 16
191 1911 16
1910 1914 16
1914 193 16
1911 1915 8
1915 193 16
1910 1913 8
1913 1915 8
1911 1912 8
1912 1914 8
189 1916 16
189 1917 16
1916 1920 16
1920 190 16
1917 1921 8
1921 190 16
1916 1919 8
1919 1921 8
1917 1918 8
1918 1920 8
190 1922 16
190 1923 16
1922 1926 16
1926 192 16
1923 1927 8
1927 192 16
1922 1925 8
1925 1927 8
1923 1924 8
1924 1926 8
2 1928 32
2 1929 32
1928 1932 32
1932 194 32
1929 1933 16
1933 194 32
1928 1931 16
1931 1933 16
1929 1930 16
1930 1932 16
2 1934 32
2 1935 32
1934 1938 32
1938 195 32
1935 1939 16
1939 195 32
1934 1937 16
1937 1939 16
1935 1936 16
1936 1938 16
194 1940 32
194 1941 32
1940 1944 32
1944 198 32
1941 1945 16
1945 198 32
1940 1943 16
1943 1945 16
1941 1942 16
1942 1944 16
198 1946 32
198 1947 32
1946 1950 32
1950 21 32
1947 1951 16
1951 21 32
1946 1949 16
1949 1951 16
1947 1948 16
1948 1950 16
195 1952 16
195 1953 16
1952 1956 16
1956 199 16
1953 1957 8
1957 199 16
1952 1955 8
1955 1957 8
1953 1954 8
1954 1956 8
199 1958 32
199 1959 32
1958 1962 32
1962 21 32
1959 1963 16
1963 21 32
1958 1961 16
1961 1963 16
1959 1960 16
1960 1962 16
194 1964 16
194 1965 16
1964 1968 16
1968 197 16
1965 1969 8
1969 197 16
1964 1967 8
1967 1969 8
1965 1966 8
1966 1968 8
197 1970 16
197 1971 16
1970 1974 16
1974 199 16
1971 1975 8
1975 199 16
1970 1973 8
1973 1975 8
1971 1972 8
1972 1974 8
195 1976 16
195 1977 16
1976 1980 16
1980 196 16
1977 1981 8
1981 196 16
1976 1979 8
1979 1981 8
1977 1978 8
1978 1980 8
196 1982 16
196 1983 16
1982 1986 16
1986 198 16
1983 1987 8
1987 198 16
1982 1985 8
1985 1987 8
1983 1984 8
1984 1986 8
20 1988 32
20 1989 32
1988 1992 32
1992 200 32
1989 1993 16
1993 200 32
1988 1991 16
1991 1993 16
1989 1990 16
1990 1992 16
20 1994 32
20 1995 32
1994 1998 32
1998 201 32
1995 1999 16
1999 201 32
1994 1997 16
1997 1999 16
1995 1996 16
1996 1998 16
200 2000 32
200 2001 32
2000 2004 32
2004 204 32
2001 2005 16
2005 204 32
2000 2003 16
2003 2005 16
2001 2002 16
2002 2004 16
204 2006 32
204 2007 32
2006 2010 32
2010 24 32
2007 2011 16
2011 24 32
2006 2009 16
2009 2011 16
2007 2008 16
2008 2010 16
201 2012 16
201 2013 16
2012 2016 16
2016 205 16
2013 2017 8
2017 205 16
2012 2015 8
2015 2017 8
2013 2014 8
2014 2016 8
205 2018 32
205 2019 32
2018 2022 32
2022 24 32
2019 2023 16
2023 24 32
2018 2021 16
2021 2023 16
2019 2020 16
2020 2022 16
200 2024 16
200 2025 16
2024 2028 16
2028 203 16
2025 2029 8
2029 203 16
2024 2027 8
2027 2029 8
2025 2026 8
2026 2028 8
203 2030 16
203 2031 16
2030 2034 16
2034 205 16
2031 2035 8
2035 205 16
2030 2033 8
2033 2035 8
2031 2032 8
2032 2034 8
201 2036 16
201 2037 16
2036 2040 16
2040 202 16
2037 2041 8
2041 202 16
2036 2039 8
2039 2041 8
2037 2038 8
2038 2040 8
202 2042 16
202 2043 16
2042 2046 16
2046 204 16
2043 2047 8
2047 204 16
2042 2045 8
2045 2047 8
2043 2044 8
2044 2046 8
24 2048 32
24 2049 32
2048 2052 32
2052 206 32
2049 2053 16
2053 206 32
2048 2051 16
2051 2053 16
2049 2050 16
2050 2052 16
24 2054 32
24 2055 32
2054 2058 32
2058 207 32
2055 2059 16
2059 207 32
2054 2057 16
2057 2059 16
2055 2056 16
2056 2058 16
206 2060 32
206 2061 32
2060 2064 32
2064 210 32
2061 2065 16
2065 210 32
2060 2063 16
2063 2065 16
2061 2062 16
2062 2064 16
210 2066 32
210 2067 32
2066 2070 32
2070 6 32
2067 2071 16
2071 6 32
2066 2069 16
2069 2071 16
2067 2068 16
2068 2070 16
207 2072 16
207 2073 16
2072 2076 16
2076 211 16
2073 2077 8
2077 211 16
2072 2075 8
2075 2077 8
2073 2074 8
2074 2076 8
211 2078 32
211 2079 32
2078 2082 32
2082 6 32
2079 2083 16
2083 6 32
2078 2081 16
2081 2083 16
2079 2080 16
2080 2082 16
206 2084 16
206 2085 16
2084 2088 16
2088 209 16
2085 2089 8
2089 209 16
2084 2087 8
2087 2089 8
2085 2086 8
2086 2088 8
209 2090 16
209 2091 16
2090 2094 16
2094 211 16
2091 2095 8
2095 211 16
2090 2093 8
2093 2095 8
2091 2092 8
2092 2094 8
207 2096 16
207 2097 16
2096 2100 16
2100 208 16
2097 2101 8
2101 208 16
2096 2099 8
2099 2101 8
2097 2098 8
2098 2100 8
208 2102 16
208 2103 16
2102 2106 16
2106 210 16
2103 2107 8
2107 210 16
2102 2105 8
2105 2107 8
2103 2104 8
2104 2106 8
21 2108 16
21 2109 16
2108 2112 16
2112 212 16
2109 2113 8
2113 212 16
2108 2111 8
2111 2113 8
2109 2110 8
2110 2112 8
21 2114 16
21 2115 16
2114 2118 16
2118 213 16
2115 2119 8
2119 213 16
2114 2117 8
2117 2119 8
2115 2116 8
2116 2118 8
212 2120 16
212 2121 16
2120 2124 16
2124 216 16
2121 2125 8
2125 216 16
2120 2123 8
2123 2125 8
2121 2122 8
2122 2124 8
216 2126 16
216 2127 16
2126 2130 16
2130 25 16
2127 2131 8
2131 25 16
2126 2129 8
2129 2131 8
2127 2128 8
2128 2130 8
213 2132 8
213 2133 8
2132 2136 8
2136 217 8
2133 2137 4
2137 217 8
2132 2135 4
2135 2137 4
2133 2134 4
2134 2136 4
217 2138 16
217 2139 16
2138 2142 16
2142 25 16
2139 2143 8
2143 25 16
2138 2141 8
2141 2143 8
2139 2140 8
2140 2142 8
212 2144 8
212 2145 8
2144 2148 8
2148 215 8
2145 2149 4
2149 215 8
2144 2147 4
2147 2149 4
2145 2146 4
2146 2148 4
215 2150 8
215 2151 8
2150 2154 8
2154 217 8
2151 2155 4
2155 217 8
2150 2153 4
2153 2155 4
2151 2152 4
2152 2154 4
213 2156 8
213 2157 8
2156 2160 8
2160 214 8
2157 2161 4
2161 214 8
2156 2159 4
2159 2161 4
2157 2158 4
2158 2160 4
214 2162 8
214 2163 8
2162 2166 8
2166 216 8
2163 2167 4
2167 216 8
2162 2165 4
2165 2167 4
2163 2164 4
2164 2166 4
25 2168 32
25 2169 32
2168 2172 32
2172 218 32
2169 2173 16
2173 218 32
2168 2171 16
2171 2173 16
2169 2170 16
2170 2172 16
25 2174 32
25 2175 32
2174 2178 32
2178 219 32
2175 2179 16
2179 219 32
2174 2177 16
2177 2179 16
2175 2176 16
2176 2178 16
218 2180 32
218 2181 32
2180 2184 32
2184 222 32
2181 2185 16
2185 222 32
2180 2183 16
2183 2185 16
2181 2182 16
2182 2184 16
222 2186 32
222 2187 32
2186 2190 32
2190 6 32
2187 2191 16
2191 6 32
2186 2189 16
2189 2191 16
2187 2188 16
2188 2190 16
219 2192 16
219 2193 16
2192 2196 16
2196 223 16
2193 2197 8
2197 223 16
2192 2195 8
2195 2197 8
2193 2194 8
2194 2196 8
223 2198 32
223 2199 32
2198 2202 32
2202 6 32
2199 2203 16
2203 6 32
2198 2201 16
2201 2203 16
2199 2200 16
2200 2202 16
218 2204 16
218 2205 16
2204 2208 16
2208 221 16
2205 2209 8
2209 221 16
2204 2207 8
2207 2209 8
2205 2206 8
2206 2208 8
221 2210 16
221 2211 16
2210 2214 16
2214 223 16
2211 2215 8
2215 223 16
2210 2213 8
2213 2215 8
2211 2212 8
2212 2214 8
219 2216 16
219 2217 16
2216 2220 16
2220 220 16
2217 2221 8
2221 220 16
2216 2219 8
2219 2221 8
2217 2218 8
2218 2220 8
220 2222 16
220 2223 16
2222 2226 16
2226 222 16
2223 2227 8
2227 222 16
2222 2225 8
2225 2227 8
2223 2224 8
2224 2226 8
20 2228 16
20 2229 16
2228 2232 16
2232 224 16
2229 2233 8
2233 224 16
2228 2231 8
2231 2233 8
2229 2230 8
2230 2232 8
20 2234 16
20 2235 16
2234 2238 16
2238 225 16
2235 2239 8
2239 225 16
2234 2237 8
2237 2239 8
2235 2236 8
2236 2238 8
224 2240 16
224 2241 16
2240 2244 16
2244 228 16
2241 2245 8
2245 228 16
2240 2243 8
2243 2245 8
2241 2242 8
2242 2244 8
228 2246 16
228 2247 16
2246 2250 16
2250 23 16
2247 2251 8
2251 23 16
2246 2249 8
2249 2251 8
2247 2248 8
2248 2250 8
225 2252 8
225 2253 8
2252 2256 8
2256 229 8
2253 2257 4
2257 229 8
2252 2255 4
2255 2257 4
2253 2254 4
2254 2256 4
229 2258 16
229 2259 16
2258 2262 16
2262 23 16
2259 2263 8
2263 23 16
2258 2261 8
2261 2263 8
2259 2260 8
2260 2262 8
224 2264 8
224 2265 8
2264 2268 8
2268 227 8
2265 2269 4
2269 227 8
2264 2267 4
2267 2269 4
2265 2266 4
2266 2268 4
227 2270 8
227 2271 8
2270 2274 8
2274 229 8
2271 2275 4
2275 229 8
2270 2273 4
2273 2275 4
2271 2272 4
2272 2274 4
225 2276 8
225 2277 8
2276 2280 8
2280 226 8
2277 2281 4
2281 226 8
2276 2279 4
2279 2281 4
2277 2278 4
2278 2280 4
226 2282 8
226 2283 8
2282 2286 8
2286 228 8
2283 2287 4
2287 228 8
2282 2285 4
2285 2287 4
2283 2284 4
2284 2286 4
23 2288 16
23 2289 16
2288 2292 16
2292 230 16
2289 2293 8
2293 230 16
2288 2291 8
2291 2293 8
2289 2290 8
2290 2292 8
23 2294 16
23 2295 16
2294 2298 16
2298 231 16
2295 2299 8
2299 231 16
2294 2297 8
2297 2299 8
2295 2296 8
2296 2298 8
230 2300 16
230 2301 16
2300 2304 16
2304 234 16
2301 2305 8
2305 234 16
2300 2303 8
2303 2305 8
2301 2302 8
2302 2304 8
234 2306 16
234 2307 16
2306 2310 16
2310 25 16
2307 2311 8
2311 25 16
2306 2309 8
2309 2311 8
2307 2308 8
2308 2310 8
231 2312 8
231 2313 8
2312 2316 8
2316 235 8
2313 2317 4
2317 235 8
2312 2315 4
2315 2317 4
2313 2314 4
2314 2316 4
235 2318 16
235 2319 16
2318 2322 16
2322 25 16
2319 2323 8
2323 25 16
2318 2321 8
2321 2323 8
2319 2320 8
2320 2322 8
230 2324 8
230 2325 8
2324 2328 8
2328 233 8
2325 2329 4
2329 233 8
2324 2327 4
2327 2329 4
2325 2326 4
2326 2328 4
233 2330 8
233 2331 8
2330 2334 8
2334 235 8
2331 2335 4
2335 235 8
2330 2333 4
2333 2335 4
2331 2332 4
2332 2334 4
231 2336 8
231 2337 8
2336 2340 8
2340 232 8
2337 2341 4
2341 232 8
2336 2339 4
2339 2341 4
2337 2338 4
2338 2340 4
232 2342 8
232 2343 8
2342 2346 8
2346 234 8
2343 2347 4
2347 234 8
2342 2345 4
2345 2347 4
2343 2344 4
2344 2346 4
21 2348 16
21 2349 16
2348 2352 16
2352 236 16
2349 2353 8
2353 236 16
2348 2351 8
2351 2353 8
2349 2350 8
2350 2352 8
21 2354 16
21 2355 16
2354 2358 16
2358 237 16
2355 2359 8
2359 237 16
2354 2357 8
2357 2359 8
2355 2356 8
2356 2358 8
236 2360 16
236 2361 16
2360 2364 16
2364 240 16
2361 2365 8
2365 240 16
2360 2363 8
2363 2365 8
2361 2362 8
2362 2364 8
240 2366 16
240 2367 16
2366 2370 16
2370 22 16
2367 2371 8
2371 22 16
2366 2369 8
2369 2371 8
2367 2368 8
2368 2370 8
237 2372 8
237 2373 8
2372 2376 8
2376 241 8
2373 2377 4
2377 241 8
2372 2375 4
2375 2377 4
2373 2374 4
2374 2376 4
241 2378 16
241 2379 16
2378 2382 16
2382 22 16
2379 2383 8
2383 22 16
2378 2381 8
2381 2383 8
2379 2380 8
2380 2382 8
236 2384 8
236 2385 8
2384 2388 8
2388 239 8
2385 2389 4
2389 239 8
2384 2387 4
2387 2389 4
2385 2386 4
2386 2388 4
239 2390 8
239 2391 8
2390 2394 8
2394 241 8
2391 2395 4
2395 241 8
2390 2393 4
2393 2395 4
2391 2392 4
2392 2394 4
237 2396 8
237 2397 8
2396 2400 8
2400 238 8
2397 2401 4
2401 238 8
2396 2399 4
2399 2401 4
2397 2398 4
2398 2400 4
238 2402 8
238 2403 8
2402 2406 8
2406 240 8
2403 2407 4
2407 240 8
2402 2405 4
2405 2407 4
2403 2404 4
2404 2406 4
22 2408 16
22 2409 16
2408 2412 16
2412 242 16
2409 2413 8
2413 242 16
2408 2411 8
2411 2413 8
2409 2410 8
2410 2412 8
22 2414 16
22 2415 16
2414 2418 16
2418 243 16
2415 2419 8
2419 243 16
2414 2417 8
2417 2419 8
2415 2416 8
2416 2418 8
242 2420 16
242 2421 16
2420 2424 16
2424 246 16
2421 2425 8
2425 246 16
2420 2423 8
2423 2425 8
2421 2422 8
2422 2424 8
246 2426 16
246 2427 16
2426 2430 16
2430 24 16
2427 2431 8
2431 24 16
2426 2429 8
2429 2431 8
2427 2428 8
2428 2430 8
243 2432 8
243 2433 8
2432 2436 8
2436 247 8
2433 2437 4
2437 247 8
2432 2435 4
2435 2437 4
2433 2434 4
2434 2436 4
247 2438 16
247 2439 16
2438 2442 16
2442 24 16
2439 2443 8
2443 24 16
2438 2441 8
2441 2443 8
2439 2440 8
2440 2442 8
242 2444 8
242 2445 8
2444 2448 8
2448 245 8
2445 2449 4
2449 245 8
2444 2447 4
2447 2449 4
2445 2446 4
2446 2448 4
245 2450 8
245 2451 8
2450 2454 8
2454 247 8
2451 2455 4
2455 247 8
2450 2453 4
2453 2455 4
2451 2452 4
2452 2454 4
243 2456 8
243 2457 8
2456 2460 8
2460 244 8
2457 2461 4
2461 244 8
2456 2459 4
2459 2461 4
2457 2458 4
2458 2460 4
244 2462 8
244 2463 8
2462 2466 8
2466 246 8
2463 2467 4
2467 246 8
2462 2465 4
2465 2467 4
2463 2464 4
2464 2466 4
6 2468 32
6 2469 32
2468 2472 32
2472 248 32
2469 2473 16
2473 248 32
2468 2471 16
2471 2473 16
2469 2470 16
2470 2472 16
6 2474 32
6 2475 32
2474 2478 32
2478 249 32
2475 2479 16
2479 249 32
2474 2477 16
2477 2479 16
2475 2476 16
2476 2478 16
248 2480 32
248 2481 32
2480 2484 32
2484 252 32
2481 2485 16
2485 252 32
2480 2483 16
2483 2485 16
2481 2482 16
2482 2484 16
252 2486 32
252 2487 32
2486 2490 32
2490 26 32
2487 2491 16
2491 26 32
2486 2489 16
2489 2491 16
2487 2488 16
2488 2490 16
249 2492 16
249 2493 16
2492 2496 16
2496 253 16
2493 2497 8
2497 253 16
2492 2495 8
2495 2497 8
2493 2494 8
2494 2496 8
253 2498 32
253 2499 32
2498 2502 32
2502 26 32
2499 2503 16
2503 26 32
2498 2501 16
2501 2503 16
2499 2500 16
2500 2502 16
248 2504 16
248 2505 16
2504 2508 16
2508 251 16
2505 2509 8
2509 251 16
2504 2507 8
2507 2509 8
2505 2506 8
2506 2508 8
251 2510 16
251 2511 16
2510 2514 16
2514 253 16
2511 2515 8
2515 253 16
2510 2513 8
2513 2515 8
2511 2512 8
2512 2514 8
249 2516 16
249 2517 16
2516 2520 16
2520 250 16
2517 2521 8
2521 250 16
2516 2519 8
2519 2521 8
2517 2518 8
2518 2520 8
250 2522 16
250 2523 16
2522 2526 16
2526 252 16
2523 2527 8
2527 252 16
2522 2525 8
2525 2527 8
2523 2524 8
2524 2526 8
6 2528 32
6 2529 32
2528 2532 32
2532 254 32
2529 2533 16
2533 254 32
2528 2531 16
2531 2533 16
2529 2530 16
2530 2532 16
6 2534 32
6 2535 32
2534 2538 32
2538 255 32
2535 2539 16
2539 255 32
2534 2537 16
2537 2539 16
2535 2536 16
2536 2538 16
254 2540 32
254 2541 32
2540 2544 32
2544 258 32
2541 2545 16
2545 258 32
2540 2543 16
2543 2545 16
2541 2542 16
2542 2544 16
258 2546 32
258 2547 32
2546 2550 32
2550 27 32
2547 2551 16
2551 27 32
2546 2549 16
2549 2551 16
2547 2548 16
2548 2550 16
255 2552 16
255 2553 16
2552 2556 16
2556 259 16
2553 2557 8
2557 259 16
2552 2555 8
2555 2557 8
2553 2554 8
2554 2556 8
259 2558 32
259 2559 32
2558 2562 32
2562 27 32
2559 2563 16
2563 27 32
2558 2561 16
2561 2563 16
2559 2560 16
2560 2562 16
254 2564 16
254 2565 16
2564 2568 16
2568 257 16
2565 2569 8
2569 257 16
2564 2567 8
2567 2569 8
2565 2566 8
2566 2568 8
257 2570 16
257 2571 16
2570 2574 16
2574 259 16
2571 2575 8
2575 259 16
2570 2573 8
2573 2575 8
2571 2572 8
2572 2574 8
255 2576 16
255 2577 16
2576 2580 16
2580 256 16
2577 2581 8
2581 256 16
2576 2579 8
2579 2581 8
2577 2578 8
2578 2580 8
256 2582 16
256 2583 16
2582 2586 16
2586 258 16
2583 2587 8
2587 258 16
2582 2585 8
2585 2587 8
2583 2584 8
2584 2586 8
26 2588 32
26 2589 32
2588 2592 32
2592 260 32
2589 2593 16
2593 260 32
2588 2591 16
2591 2593 16
2589 2590 16
2590 2592 16
26 2594 32
26 2595 32
2594 2598 32
2598 261 32
2595 2599 16
2599 261 32
2594 2597 16
2597 2599 16
2595 2596 16
2596 2598 16
260 2600 32
260 2601 32
2600 2604 32
2604 264 32
2601 2605 16
2605 264 32
2600 2603 16
2603 2605 16
2601 2602 16
2602 2604 16
264 2606 32
264 2607 32
2606 2610 32
2610 30 32
2607 2611 16
2611 30 32
2606 2609 16
2609 2611 16
2607 2608 16
2608 2610 16
261 2612 16
261 2613 16
2612 2616 16
2616 265 16
2613 2617 8
2617 265 16
2612 2615 8
2615 2617 8
2613 2614 8
2614 2616 8
265 2618 32
265 2619 32
2618 2622 32
2622 30 32
2619 2623 16
2623 30 32
2618 2621 16
2621 2623 16
2619 2620 16
2620 2622 16
260 2624 16
260 2625 16
2624 2628 16
2628 263 16
2625 2629 8
2629 263 16
2624 2627 8
2627 2629 8
2625 2626 8
2626 2628 8
263 2630 16
263 2631 16
2630 2634 16
2634 265 16
2631 2635 8
2635 265 16
2630 2633 8
2633 2635 8
2631 2632 8
2632 2634 8
261 2636 16
261 2637 16
2636 2640 16
2640 262 16
2637 2641 8
2641 262 16
2636 2639 8
2639 2641 8
2637 2638 8
2638 2640 8
262 2642 16
262 2643 16
2642 2646 16
2646 264 16
2643 2647 8
2647 264 16
2642 2645 8
2645 2647 8
2643 2644 8
2644 2646 8
30 2648 32
30 2649 32
2648 2652 32
2652 266 32
2649 2653 16
2653 266 32
2648 2651 16
2651 2653 16
2649 2650 16
2650 2652 16
30 2654 32
30 2655 32
2654 2658 32
2658 267 32
2655 2659 16
2659 267 32
2654 2657 16
2657 2659 16
2655 2656 16
2656 2658 16
266 2660 32
266 2661 32
2660 2664 32
2664 270 32
2661 2665 16
2665 270 32
2660 2663 16
2663 2665 16
2661 2662 16
2662 2664 16
270 2666 32
270 2667 32
2666 2670 32
2670 1 32
2667 2671 16
2671 1 32
2666 2669 16
2669 2671 16
2667 2668 16
2668 2670 16
267 2672 16
267 2673 16
2672 2676 16
2676 271 16
2673 2677 8
2677 271 16
2672 2675 8
2675 2677 8
2673 2674 8
2674 2676 8
271 2678 32
271 2679 32
2678 2682 32
2682 1 32
2679 2683 16
2683 1 32
2678 2681 16
2681 2683 16
2679 2680 16
2680 2682 16
266 2684 16
266 2685 16
2684 2688 16
2688 269 16
2685 2689 8
2689 269 16
2684 2687 8
2687 2689 8
2685 2686 8
2686 2688 8
269 2690 16
269 2691 16
2690 2694 16
2694 271 16
2691 2695 8
2695 271 16
2690 2693 8
2693 2695 8
2691 2692 8
2692 2694 8
267 2696 16
267 2697 16
2696 2700 16
2700 268 16
2697 2701 8
2701 268 16
2696 2699 8
2699 2701 8
2697 2698 8
2698 2700 8
268 2702 16
268 2703 16
2702 2706 16
2706 270 16
2703 2707 8
2707 270 16
2702 2705 8
2705 2707 8
2703 2704 8
2704 2706 8
27 2708 16
27 2709 16
2708 2712 16
2712 272 16
2709 2713 8
2713 272 16
2708 2711 8
2711 2713 8
2709 2710 8
2710 2712 8
27 2714 16
27 2715 16
2714 2718 16
2718 273 16
2715 2719 8
2719 273 16
2714 2717 8
2717 2719 8
2715 2716 8
2716 2718 8
272 2720 16
272 2721 16
2720 2724 16
2724 276 16
2721 2725 8
2725 276 16
2720 2723 8
2723 2725 8
2721 2722 8
2722 2724 8
276 2726 16
276 2727 16
2726 2730 16
2730 31 16
2727 2731 8
2731 31 16
2726 2729 8
2729 2731 8
2727 2728 8
2728 2730 8
273 2732 8
273 2733 8
2732 2736 8
2736 277 8
2733 2737 4
2737 277 8
2732 2735 4
2735 2737 4
2733 2734 4
2734 2736 4
277 2738 16
277 2739 16
2738 2742 16
2742 31 16
2739 2743 8
2743 31 16
2738 2741 8
2741 2743 8
2739 2740 8
2740 2742 8
272 2744 8
272 2745 8
2744 2748 8
2748 275 8
2745 2749 4
2749 275 8
2744 2747 4
2747 2749 4
2745 2746 4
2746 2748 4
275 2750 8
275 2751 8
2750 2754 8
2754 277 8
2751 2755 4
2755 277 8
2750 2753 4
2753 2755 4
2751 2752 4
2752 2754 4
273 2756 8
273 2757 8
2756 2760 8
2760 274 8
2757 2761 4
2761 274 8
2756 2759 4
2759 2761 4
2757 2758 4
2758 2760 4
274 2762 8
274 2763 8
2762 2766 8
2766 276 8
2763 2767 4
2767 276 8
2762 2765 4
2765 2767 4
2763 2764 4
2764 2766 4
31 2768 32
31 2769 32
2768 2772 32
2772 278 32
2769 2773 16
2773 278 32
2768 2771 16
2771 2773 16
2769 2770 16
2770 2772 16
31 2774 32
31 2775 32
2774 2778 32
2778 279 32
2775 2779 16
2779 279 32
2774 2777 16
2777 2779 16
2775 2776 16
2776 2778 16
278 2780 32
278 2781 32
2780 2784 32
2784 282 32
2781 2785 16
2785 282 32
2780 2783 16
2783 2785 16
2781 2782 16
2782 2784 16
282 2786 32
282 2787 32
2786 2790 32
2790 1 32
2787 2791 16
2791 1 32
2786 2789 16
2789 2791 16
2787 2788 16
2788 2790 16
279 2792 16
279 2793 16
2792 2796 16
2796 283 16
2793 2797 8
2797 283 16
2792 2795 8
2795 2797 8
2793 2794 8
2794 2796 8
283 2798 32
283 2799 32
2798 2802 32
2802 1 32
2799 2803 16
2803 1 32
2798 2801 16
2801 2803 16
2799 2800 16
2800 2802 16
278 2804 16
278 2805 16
2804 2808 16
2808 281 16
2805 2809 8
2809 281 16
2804 2807 8
2807 2809 8
2805 2806 8
2806 2808 8
281 2810 16
281 2811 16
2810 2814 16
2814 283 16
2811 2815 8
2815 283 16
2810 2813 8
2813 2815 8
2811 2812 8
2812 2814 8
279 2816 16
279 2817 16
2816 2820 16
2820 280 16
2817 2821 8
2821 280 16
2816 2819 8
2819 2821 8
2817 2818 8
2818 2820 8
280 2822 16
280 2823 16
2822 2826 16
2826 282 16
2823 2827 8
2827 282 16
2822 2825 8
2825 2827 8
2823 2824 8
2824 2826 8
26 2828 16
26 2829 16
2828 2832 16
2832 284 16
2829 2833 8
2833 284 16
2828 2831 8
2831 2833 8
2829 2830 8
2830 2832 8
26 2834 16
26 2835 16
2834 2838 16
2838 285 16
2835 2839 8
2839 285 16
2834 2837 8
2837 2839 8
2835 2836 8
2836 2838 8
284 2840 16
284 2841 16
2840 2844 16
2844 288 16
2841 2845 8
2845 288 16
2840 2843 8
2843 2845 8
2841 2842 8
2842 2844 8
288 2846 16
288 2847 16
2846 2850 16
2850 29 16
2847 2851 8
2851 29 16
2846 2849 8
2849 2851 8
2847 2848 8
2848 2850 8
285 2852 8
285 2853 8
2852 2856 8
2856 289 8
2853 2857 4
2857 289 8
2852 2855 4
2855 2857 4
2853 2854 4
2854 2856 4
289 2858 16
289 2859 16
2858 2862 16
2862 29 16
2859 2863 8
2863 29 16
2858 2861 8
2861 2863 8
2859 2860 8
2860 2862 8
284 2864 8
284 2865 8
2864 2868 8
2868 287 8
2865 2869 4
2869 287 8
2864 2867 4
2867 2869 4
2865 2866 4
2866 2868 4
287 2870 8
287 2871 8
2870 2874 8
2874 289 8
2871 2875 4
2875 289 8
2870 2873 4
2873 2875 4
2871 2872 4
2872 2874 4
285 2876 8
285 2877 8
2876 2880 8
2880 286 8
2877 2881 4
2881 286 8
2876 2879 4
2879 2881 4
2877 2878 4
2878 2880 4
286 2882 8
286 2883 8
2882 2886 8
2886 288 8
2883 2887 4
2887 288 8
2882 2885 4
2885 2887 4
2883 2884 4
2884 2886 4
29 2888 16
29 2889 16
2888 2892 16
2892 290 16
2889 2893 8
2893 290 16
2888 2891 8
2891 2893 8
2889 2890 8
2890 2892 8
29 2894 16
29 2895 16
2894 2898 16
2898 291 16
2895 2899 8
2899 291 16
2894 2897 8
2897 2899 8
2895 2896 8
2896 2898 8
290 2900 16
290 2901 16
2900 2904 16
2904 294 16
2901 2905 8
2905 294 16
2900 2903 8
2903 2905 8
2901 2902 8
2902 2904 8
294 2906 16
294 2907 16
2906 2910 16
2910 31 16
2907 2911 8
2911 31 16
2906 2909 8
2909 2911 8
2907 2908 8
2908 2910 8
291 2912 8
291 2913 8
2912 2916 8
2916 295 8
2913 2917 4
2917 295 8
2912 2915 4
2915 2917 4
2913 2914 4
2914 2916 4
295 2918 16
295 2919 16
2918 2922 16
2922 31 16
2919 2923 8
2923 31 16
2918 2921 8
2921 2923 8
2919 2920 8
2920 2922 8
290 2924 8
290 2925 8
2924 2928 8
2928 293 8
2925 2929 4
2929 293 8
2924 2927 4
2927 2929 4
2925 2926 4
2926 2928 4
293 2930 8
293 2931 8
2930 2934 8
2934 295 8
2931 2935 4
2935 295 8
2930 2933 4
2933 2935 4
2931 2932 4
2932 2934 4
291 2936 8
291 2937 8
2936 2940 8
2940 292 8
2937 2941 4
2941 292 8
2936 2939 4
2939 2941 4
2937 2938 4
2938 2940 4
292 2942 8
292 2943 8
2942 2946 8
2946 294 8
2943 2947 4
2947 294 8
2942 2945 4
2945 2947 4
2943 2944 4
2944 2946 4
27 2948 16
27 2949 16
2948 2952 16
2952 296 16
2949 2953 8
2953 296 16
2948 2951 8
2951 2953 8
2949 2950 8
2950 2952 8
27 2954 16
27 2955 16
2954 2958 16
2958 297 16
2955 2959 8
2959 297 16
2954 2957 8
2957 2959 8
2955 2956 8
2956 2958 8
296 2960 16
296 2961 16
2960 2964 16
2964 300 16
2961 2965 8
2965 300 16
2960 2963 8
2963 2965 8
2961 2962 8
2962 2964 8
300 2966 16
300 2967 16
2966 2970 16
2970 28 16
2967 2971 8
2971 28 16
2966 2969 8
2969 2971 8
2967 2968 8
2968 2970 8
297 2972 8
297 2973 8
2972 2976 8
2976 301 8
2973 2977 4
2977 301 8
2972 2975 4
2975 2977 4
2973 2974 4
2974 2976 4
301 2978 16
301 2979 16
2978 2982 16
2982 28 16
2979 2983 8
2983 28 16
2978 2981 8
2981 2983 8
2979 2980 8
2980 2982 8
296 2984 8
296 2985 8
2984 2988 8
2988 299 8
2985 2989 4
2989 299 8
2984 2987 4
2987 2989 4
2985 2986 4
2986 2988 4
299 2990 8
299 2991 8
2990 2994 8
2994 301 8
2991 2995 4
2995 301 8
2990 2993 4
2993 2995 4
2991 2992 4
2992 2994 4
297 2996 8
297 2997 8
2996 3000 8
3000 298 8
2997 3001 4
3001 298 8
2996 2999 4
2999 3001 4
2997 2998 4
2998 3000 4
298 3002 8
298 3003 8
3002 3006 8
3006 300 8
3003 3007 4
3007 300 8
3002 3005 4
3005 3007 4
3003 3004 4
3004 3006 4
28 3008 16
28 3009 16
3008 3012 16
3012 302 16
3009 3013 8
3013 302 16
3008 3011 8
3011 3013 8
3009 3010 8
3010 3012 8
28 3014 16
28 3015 16
3014 3018 16
3018 303 16
3015 3019 8
3019 303 16
3014 3017 8
3017 3019 8
3015 3016 8
3016 3018 8
302 3020 16
302 3021 16
3020 3024 16
3024 306 16
3021 3025 8
3025 306 16
3020 3023 8
3023 3025 8
3021 3022 8
3022 3024 8
306 3026 16
306 3027 16
3026 3030 16
3030 30 16
3027 3031 8
3031 30 16
3026 3029 8
3029 3031 8
3027 3028 8
3028 3030 8
303 3032 8
303 3033 8
3032 3036 8
3036 307 8
3033 3037 4
3037 307 8
3032 3035 4
3035 3037 4
3033 3034 4
3034 3036 4
307 3038 16
307 3039 16
3038 3042 16
3042 30 16
3039 3043 8
3043 30 16
3038 3041 8
3041 3043 8
3039 3040 8
3040 3042 8
302 3044 8
302 3045 8
3044 3048 8
3048 305 8
3045 3049 4
3049 305 8
3044 3047 4
3047 3049 4
3045 3046 4
3046 3048 4
305 3050 8
305 3051 8
3050 3054 8
3054 307 8
3051 3055 4
3055 307 8
3050 3053 4
3053 3055 4
3051 3052 4
3052 3054 4
303 3056 8
303 3057 8
3056 3060 8
3060 304 8
3057 3061 4
3061 304 8
3056 3059 4
3059 3061 4
3057 3058 4
3058 3060 4
304 3062 8
304 3063 8
3062 3066 8
3066 306 8
3063 3067 4
3067 306 8
3062 3065 4
3065 3067 4
3063 3064 4
3064 3066 4
3 3068 16
3 3069 16
3068 3072 16
3072 308 16
3069 3073 8
3073 308 16
3068 3071 8
3071 3073 8
3069 3070 8
3070 3072 8
3 3074 16
3 3075 16
3074 3078 16
3078 309 16
3075 3079 8
3079 309 16
3074 3077 8
3077 3079 8
3075 3076 8
3076 3078 8
308 3080 16
308 3081 16
3080 3084 16
3084 312 16
3081 3085 8
3085 312 16
3080 3083 8
3083 3085 8
3081 3082 8
3082 3084 8
312 3086 16
312 3087 16
3086 3090 16
3090 32 16
3087 3091 8
3091 32 16
3086 3089 8
3089 3091 8
3087 3088 8
3088 3090 8
309 3092 8
309 3093 8
3092 3096 8
3096 313 8
3093 3097 4
3097 313 8
3092 3095 4
3095 3097 4
3093 3094 4
3094 3096 4
313 3098 16
313 3099 16
3098 3102 16
3102 32 16
3099 3103 8
3103 32 16
3098 3101 8
3101 3103 8
3099 3100 8
3100 3102 8
308 3104 8
308 3105 8
3104 3108 8
3108 311 8
3105 3109 4
3109 311 8
3104 3107 4
3107 3109 4
3105 3106 4
3106 3108 4
311 3110 8
311 3111 8
3110 3114 8
3114 313 8
3111 3115 4
3115 313 8
3110 3113 4
3113 3115 4
3111 3112 4
3112 3114 4
309 3116 8
309 3117 8
3116 3120 8
3120 310 8
3117 3121 4
3121 310 8
3116 3119 4
3119 3121 4
3117 3118 4
3118 3120 4
310 3122 8
310 3123 8
3122 3126 8
3126 312 8
3123 3127 4
3127 312 8
3122 3125 4
3125 3127 4
3123 3124 4
3124 3126 4
3 3128 16
3 3129 16
3128 3132 16
3132 314 16
3129 3133 8
3133 314 16
3128 3131 8
3131 3133 8
3129 3130 8
3130 3132 8
3 3134 16
3 3135 16
3134 3138 16
3138 315 16
3135 3139 8
3139 315 16
3134 3137 8
3137 3139 8
3135 3136 8
3136 3138 8
314 3140 16
314 3141 16
3140 3144 16
3144 318 16
3141 3145 8
3145 318 16
3140 3143 8
3143 3145 8
3141 3142 8
3142 3144 8
318 3146 16
318 3147 16
3146 3150 16
3150 33 16
3147 3151 8
3151 33 16
3146 3149 8
3149 3151 8
3147 3148 8
3148 3150 8
315 3152 8
315 3153 8
3152 3156 8
3156 319 8
3153 3157 4
3157 319 8
3152 3155 4
3155 3157 4
3153 3154 4
3154 3156 4
319 3158 16
319 3159 16
3158 3162 16
3162 33 16
3159 3163 8
3163 33 16
3158 3161 8
3161 3163 8
3159 3160 8
3160 3162 8
314 3164 8
314 3165 8
3164 3168 8
3168 317 8
3165 3169 4
3169 317 8
3164 3167 4
3167 3169 4
3165 3166 4
3166 3168 4
317 3170 8
317 3171 8
3170 3174 8
3174 319 8
3171 3175 4
3175 319 8
3170 3173 4
3173 3175 4
3171 3172 4
3172 3174 4
315 3176 8
315 3177 8
3176 3180 8
3180 316 8
3177 3181 4
3181 316 8
3176 3179 4
3179 3181 4
3177 3178 4
3178 3180 4
316 3182 8
316 3183 8
3182 3186 8
3186 318 8
3183 3187 4
3187 318 8
3182 3185 4
3185 3187 4
3183 3184 4
3184 3186 4
32 3188 16
32 3189 16
3188 3192 16
3192 320 16
3189 3193 8
3193 320 16
3188 3191 8
3191 3193 8
3189 3190 8
3190 3192 8
32 3194 16
32 3195 16
3194 3198 16
3198 321 16
3195 3199 8
3199 321 16
3194 3197 8
3197 3199 8
3195 3196 8
3196 3198 8
320 3200 16
320 3201 16
3200 3204 16
3204 324 16
3201 3205 8
3205 324 16
3200 3203 8
3203 3205 8
3201 3202 8
3202 3204 8
324 3206 16
324 3207 16
3206 3210 16
3210 36 16
3207 3211 8
3211 36 16
3206 3209 8
3209 3211 8
3207 3208 8
3208 3210 8
321 3212 8
321 3213 8
3212 3216 8
3216 325 8
3213 3217 4
3217 325 8
3212 3215 4
3215 3217 4
3213 3214 4
3214 3216 4
325 3218 16
325 3219 16
3218 3222 16
3222 36 16
3219 3223 8
3223 36 16
3218 3221 8
3221 3223 8
3219 3220 8
3220 3222 8
320 3224 8
320 3225 8
3224 3228 8
3228 323 8
3225 3229 4
3229 323 8
3224 3227 4
3227 3229 4
3225 3226 4
3226 3228 4
323 3230 8
323 3231 8
3230 3234 8
3234 325 8
3231 3235 4
3235 325 8
3230 3233 4
3233 3235 4
3231 3232 4
3232 3234 4
321 3236 8
321 3237 8
3236 3240 8
3240 322 8
3237 3241 4
3241 322 8
3236 3239 4
3239 3241 4
3237 3238 4
3238 3240 4
322 3242 8
322 3243 8
3242 3246 8
3246 324 8
3243 3247 4
3247 324 8
3242 3245 4
3245 3247 4
3243 3244 4
3244 3246 4
36 3248 16
36 3249 16
3248 3252 16
3252 326 16
3249 3253 8
3253 326 16
3248 3251 8
3251 3253 8
3249 3250 8
3250 3252 8
36 3254 16
36 3255 16
3254 3258 16
3258 327 16
3255 3259 8
3259 327 16
3254 3257 8
3257 3259 8
3255 3256 8
3256 3258 8
326 3260 16
326 3261 16
3260 3264 16
3264 330 16
3261 3265 8
3265 330 16
3260 3263 8
3263 3265 8
3261 3262 8
3262 3264 8
330 3266 16
330 3267 16
3266 3270 16
3270 7 16
3267 3271 8
3271 7 16
3266 3269 8
3269 3271 8
3267 3268 8
3268 3270 8
327 3272 8
327 3273 8
3272 3276 8
3276 331 8
3273 3277 4
3277 331 8
3272 3275 4
3275 3277 4
3273 3274 4
3274 3276 4
331 3278 16
331 3279 16
3278 3282 16
3282 7 16
3279 3283 8
3283 7 16
3278 3281 8
3281 3283 8
3279 3280 8
3280 3282 8
326 3284 8
326 3285 8
3284 3288 8
3288 329 8
3285 3289 4
3289 329 8
3284 3287 4
3287 3289 4
3285 3286 4
3286 3288 4
329 3290 8
329 3291 8
3290 3294 8
3294 331 8
3291 3295 4
3295 331 8
3290 3293 4
3293 3295 4
3291 3292 4
3292 3294 4
327 3296 8
327 3297 8
3296 3300 8
3300 328 8
3297 3301 4
3301 328 8
3296 3299 4
3299 3301 4
3297 3298 4
3298 3300 4
328 3302 8
328 3303 8
3302 3306 8
3306 330 8
3303 3307 4
3307 330 8
3302 3305 4
3305 3307 4
3303 3304 4
3304 3306 4
33 3308 8
33 3309 8
3308 3312 8
3312 332 8
3309 3313 4
3313 332 8
3308 3311 4
3311 3313 4
3309 3310 4
3310 3312 4
33 3314 8
33 3315 8
3314 3318 8
3318 333 8
3315 3319 4
3319 333 8
3314 3317 4
3317 3319 4
3315 3316 4
3316 3318 4
332 3320 8
332 3321 8
3320 3324 8
3324 336 8
3321 3325 4
3325 336 8
3320 3323 4
3323 3325 4
3321 3322 4
3322 3324 4
336 3326 8
336 3327 8
3326 3330 8
3330 37 8
3327 3331 4
3331 37 8
3326 3329 4
3329 3331 4
3327 3328 4
3328 3330 4
333 3332 4
333 3333 4
3332 3336 4
3336 337 4
3333 3337 2
3337 337 4
3332 3335 2
3335 3337 2
3333 3334 2
3334 3336 2
337 3338 8
337 3339 8
3338 3342 8
3342 37 8
3339 3343 4
3343 37 8
3338 3341 4
3341 3343 4
3339 3340 4
3340 3342 4
332 3344 4
332 3345 4
3344 3348 4
3348 335 4
3345 3349 2
3349 335 4
3344 3347 2
3347 3349 2
3345 3346 2
3346 3348 2
335 3350 4
335 3351 4
3350 3354 4
3354 337 4
3351 3355 2
3355 337 4
3350 3353 2
3353 3355 2
3351 3352 2
3352 3354 2
333 3356 4
333 3357 4
3356 3360 4
3360 334 4
3357 3361 2
3361 334 4
3356 3359 2
3359 3361 2
3357 3358 2
3358 3360 2
334 3362 4
334 3363 4
3362 3366 4
3366 336 4
3363 3367 2
3367 336 4
3362 3365 2
3365 3367 2
3363 3364 2
3364 3366 2
37 3368 16
37 3369 16
3368 3372 16
3372 338 16
3369 3373 8
3373 338 16
3368 3371 8
3371 3373 8
3369 3370 8
3370 3372 8
37 3374 16
37 3375 16
3374 3378 16
3378 339 16
3375 3379 8
3379 339 16
3374 3377 8
3377 3379 8
3375 3376 8
3376 3378 8
338 3380 16
338 3381 16
3380 3384 16
3384 342 16
3381 3385 8
3385 342 16
3380 3383 8
3383 3385 8
3381 3382 8
3382 3384 8
342 3386 16
342 3387 16
3386 3390 16
3390 7 16
3387 3391 8
3391 7 16
3386 3389 8
3389 3391 8
3387 3388 8
3388 3390 8
339 3392 8
339 3393 8
3392 3396 8
3396 343 8
3393 3397 4
3397 343 8
3392 3395 4
3395 3397 4
3393 3394 4
3394 3396 4
343 3398 16
343 3399 16
3398 3402 16
3402 7 16
3399 3403 8
3403 7 16
3398 3401 8
3401 3403 8
3399 3400 8
3400 3402 8
338 3404 8
338 3405 8
3404 3408 8
3408 341 8
3405 3409 4
3409 341 8
3404 3407 4
3407 3409 4
3405 3406 4
3406 3408 4
341 3410 8
341 3411 8
3410 3414 8
3414 343 8
3411 3415 4
3415 343 8
3410 3413 4
3413 3415 4
3411 3412 4
3412 3414 4
339 3416 8
339 3417 8
3416 3420 8
3420 340 8
3417 3421 4
3421 340 8
3416 3419 4
3419 3421 4
3417 3418 4
3418 3420 4
340 3422 8
340 3423 8
3422 3426 8
3426 342 8
3423 3427 4
3427 342 8
3422 3425 4
3425 3427 4
3423 3424 4
3424 3426 4
32 3428 8
32 3429 8
3428 3432 8
3432 344 8
3429 3433 4
3433 344 8
3428 3431 4
3431 3433 4
3429 3430 4
3430 3432 4
32 3434 8
32 3435 8
3434 3438 8
3438 345 8
3435 3439 4
3439 345 8
3434 3437 4
3437 3439 4
3435 3436 4
3436 3438 4
344 3440 8
344 3441 8
3440 3444 8
3444 348 8
3441 3445 4
3445 348 8
3440 3443 4
3443 3445 4
3441 3442 4
3442 3444 4
348 3446 8
348 3447 8
3446 3450 8
3450 35 8
3447 3451 4
3451 35 8
3446 3449 4
3449 3451 4
3447 3448 4
3448 3450 4
345 3452 4
345 3453 4
3452 3456 4
3456 349 4
3453 3457 2
3457 349 4
3452 3455 2
3455 3457 2
3453 3454 2
3454 3456 2
349 3458 8
349 3459 8
3458 3462 8
3462 35 8
3459 3463 4
3463 35 8
3458 3461 4
3461 3463 4
3459 3460 4
3460 3462 4
344 3464 4
344 3465 4
3464 3468 4
3468 347 4
3465 3469 2
3469 347 4
3464 3467 2
3467 3469 2
3465 3466 2
3466 3468 2
347 3470 4
347 3471 4
3470 3474 4
3474 349 4
3471 3475 2
3475 349 4
3470 3473 2
3473 3475 2
3471 3472 2
3472 3474 2
345 3476 4
345 3477 4
3476 3480 4
3480 346 4
3477 3481 2
3481 346 4
3476 3479 2
3479 3481 2
3477 3478 2
3478 3480 2
346 3482 4
346 3483 4
3482 3486 4
3486 348 4
3483 3487 2
3487 348 4
3482 3485 2
3485 3487 2
3483 3484 2
3484 3486 2
35 3488 8
35 3489 8
3488 3492 8
3492 350 8
3489 3493 4
3493 350 8
3488 3491 4
3491 3493 4
3489 3490 4
3490 3492 4
35 3494 8
35 3495 8
3494 3498 8
3498 351 8
3495 3499 4
3499 351 8
3494 3497 4
3497 3499 4
3495 3496 4
3496 3498 4
350 3500 8
350 3501 8
3500 3504 8
3504 354 8
3501 3505 4
3505 354 8
3500 3503 4
3503 3505 4
3501 3502 4
3502 3504 4
354 3506 8
354 3507 8
3506 3510 8
3510 37 8
3507 3511 4
3511 37 8
3506 3509 4
3509 3511 4
3507 3508 4
3508 3510 4
351 3512 4
351 3513 4
3512 3516 4
3516 355 4
3513 3517 2
3517 355 4
3512 3515 2
3515 3517 2
3513 3514 2
3514 3516 2
355 3518 8
355 3519 8
3518 3522 8
3522 37 8
3519 3523 4
3523 37 8
3518 3521 4
3521 3523 4
3519 3520 4
3520 3522 4
350 3524 4
350 3525 4
3524 3528 4
3528 353 4
3525 3529 2
3529 353 4
3524 3527 2
3527 3529 2
3525 3526 2
3526 3528 2
353 3530 4
353 3531 4
3530 3534 4
3534 355 4
3531 3535 2
3535 355 4
3530 3533 2
3533 3535 2
3531 3532 2
3532 3534 2
351 3536 4
351 3537 4
3536 3540 4
3540 352 4
3537 3541 2
3541 352 4
3536 3539 2
3539 3541 2
3537 3538 2
3538 3540 2
352 3542 4
352 3543 4
3542 3546 4
3546 354 4
3543 3547 2
3547 354 4
3542 3545 2
3545 3547 2
3543 3544 2
3544 3546 2
33 3548 8
33 3549 8
3548 3552 8
3552 356 8
3549 3553 4
3553 356 8
3548 3551 4
3551 3553 4
3549 3550 4
3550 3552 4
33 3554 8
33 3555 8
3554 3558 8
3558 357 8
3555 3559 4
3559 357 8
3554 3557 4
3557 3559 4
3555 3556 4
3556 3558 4
356 3560 8
356 3561 8
3560 3564 8
3564 360 8
3561 3565 4
3565 360 8
3560 3563 4
3563 3565 4
3561 3562 4
3562 3564 4
360 3566 8
360 3567 8
3566 3570 8
3570 34 8
3567 3571 4
3571 34 8
3566 3569 4
3569 3571 4
3567 3568 4
3568 3570 4
357 3572 4
357 3573 4
3572 3576 4
3576 361 4
3573 3577 2
3577 361 4
3572 3575 2
3575 3577 2
3573 3574 2
3574 3576 2
361 3578 8
361 3579 8
3578 3582 8
3582 34 8
3579 3583 4
3583 34 8
3578 3581 4
3581 3583 4
3579 3580 4
3580 3582 4
356 3584 4
356 3585 4
3584 3588 4
3588 359 4
3585 3589 2
3589 359 4
3584 3587 2
3587 3589 2
3585 3586 2
3586 3588 2
359 3590 4
359 3591 4
3590 3594 4
3594 361 4
3591 3595 2
3595 361 4
3590 3593 2
3593 3595 2
3591 3592 2
3592 3594 2
357 3596 4
357 3597 4
3596 3600 4
3600 358 4
3597 3601 2
3601 358 4
3596 3599 2
3599 3601 2
3597 3598 2
3598 3600 2
358 3602 4
358 3603 4
3602 3606 4
3606 360 4
3603 3607 2
3607 360 4
3602 3605 2
3605 3607 2
3603 3604 2
3604 3606 2
34 3608 8
34 3609 8
3608 3612 8
3612 362 8
3609 3613 4
3613 362 8
3608 3611 4
3611 3613 4
3609 3610 4
3610 3612 4
34 3614 8
34 3615 8
3614 3618 8
3618 363 8
3615 3619 4
3619 363 8
3614 3617 4
3617 3619 4
3615 3616 4
3616 3618 4
362 3620 8
362 3621 8
3620 3624 8
3624 366 8
3621 3625 4
3625 366 8
3620 3623 4
3623 3625 4
3621 3622 4
3622 3624 4
366 3626 8
366 3627 8
3626 3630 8
3630 36 8
3627 3631 4
3631 36 8
3626 3629 4
3629 3631 4
3627 3628 4
3628 3630 4
363 3632 4
363 3633 4
3632 3636 4
3636 367 4
3633 3637 2
3637 367 4
3632 3635 2
3635 3637 2
3633 3634 2
3634 3636 2
367 3638 8
367 3639 8
3638 3642 8
3642 36 8
3639 3643 4
3643 36 8
3638 3641 4
3641 3643 4
3639 3640 4
3640 3642 4
362 3644 4
362 3645 4
3644 3648 4
3648 365 4
3645 3649 2
3649 365 4
3644 3647 2
3647 3649 2
3645 3646 2
3646 3648 2
365 3650 4
365 3651 4
3650 3654 4
3654 367 4
3651 3655 2
3655 367 4
3650 3653 2
3653 3655 2
3651 3652 2
3652 3654 2
363 3656 4
363 3657 4
3656 3660 4
3660 364 4
3657 3661 2
3661 364 4
3656 3659 2
3659 3661 2
3657 3658 2
3658 3660 2
364 3662 4
364 3663 4
3662 3666 4
3666 366 4
3663 3667 2
3667 366 4
3662 3665 2
3665 3667 2
3663 3664 2
3664 3666 2
7 3668 32
7 3669 32
3668 3672 32
3672 368 32
3669 3673 16
3673 368 32
3668 3671 16
3671 3673 16
3669 3670 16
3670 3672 16
7 3674 32
7 3675 32
3674 3678 32
3678 369 32
3675 3679 16
3679 369 32
3674 3677 16
3677 3679 16
3675 3676 16
3676 3678 16
368 3680 32
368 3681 32
3680 3684 32
3684 372 32
3681 3685 16
3685 372 32
3680 3683 16
3683 3685 16
3681 3682 16
3682 3684 16
372 3686 32
372 3687 32
3686 3690 32
3690 38 32
3687 3691 16
3691 38 32
3686 3689 16
3689 3691 16
3687 3688 16
3688 3690 16
369 3692 16
369 3693 16
3692 3696 16
3696 373 16
3693 3697 8
3697 373 16
3692 3695 8
3695 3697 8
3693 3694 8
3694 3696 8
373 3698 32
373 3699 32
3698 3702 32
3702 38 32
3699 3703 16
3703 38 32
3698 3701 16
3701 3703 16
3699 3700 16
3700 3702 16
368 3704 16
368 3705 16
3704 3708 16
3708 371 16
3705 3709 8
3709 371 16
3704 3707 8
3707 3709 8
3705 3706 8
3706 3708 8
371 3710 16
371 3711 16
3710 3714 16
3714 373 16
3711 3715 8
3715 373 16
3710 3713 8
3713 3715 8
3711 3712 8
3712 3714 8
369 3716 16
369 3717 16
3716 3720 16
3720 370 16
3717 3721 8
3721 370 16
3716 3719 8
3719 3721 8
3717 3718 8
3718 3720 8
370 3722 16
370 3723 16
3722 3726 16
3726 372 16
3723 3727 8
3727 372 16
3722 3725 8
3725 3727 8
3723 3724 8
3724 3726 8
7 3728 32
7 3729 32
3728 3732 32
3732 374 32
3729 3733 16
3733 374 32
3728 3731 16
3731 3733 16
3729 3730 16
3730 3732 16
7 3734 32
7 3735 32
3734 3738 32
3738 375 32
3735 3739 16
3739 375 32
3734 3737 16
3737 3739 16
3735 3736 16
3736 3738 16
374 3740 32
374 3741 32
3740 3744 32
3744 378 32
3741 3745 16
3745 378 32
3740 3743 16
3743 3745 16
3741 3742 16
3742 3744 16
378 3746 32
378 3747 32
3746 3750 32
3750 39 32
3747 3751 16
3751 39 32
3746 3749 16
3749 3751 16
3747 3748 16
3748 3750 16
375 3752 16
375 3753 16
3752 3756 16
3756 379 16
3753 3757 8
3757 379 16
3752 3755 8
3755 3757 8
3753 3754 8
3754 3756 8
379 3758 32
379 3759 32
3758 3762 32
3762 39 32
3759 3763 16
3763 39 32
3758 3761 16
3761 3763 16
3759 3760 16
3760 3762 16
374 3764 16
374 3765 16
3764 3768 16
3768 377 16
3765 3769 8
3769 377 16
3764 3767 8
3767 3769 8
3765 3766 8
3766 3768 8
377 3770 16
377 3771 16
3770 3774 16
3774 379 16
3771 3775 8
3775 379 16
3770 3773 8
3773 3775 8
3771 3772 8
3772 3774 8
375 3776 16
375 3777 16
3776 3780 16
3780 376 16
3777 3781 8
3781 376 16
3776 3779 8
3779 3781 8
3777 3778 8
3778 3780 8
376 3782 16
376 3783 16
3782 3786 16
3786 378 16
3783 3787 8
3787 378 16
3782 3785 8
3785 3787 8
3783 3784 8
3784 3786 8
38 3788 32
38 3789 32
3788 3792 32
3792 380 32
3789 3793 16
3793 380 32
3788 3791 16
3791 3793 16
3789 3790 16
3790 3792 16
38 3794 32
38 3795 32
3794 3798 32
3798 381 32
3795 3799 16
3799 381 32
3794 3797 16
3797 3799 16
3795 3796 16
3796 3798 16
380 3800 32
380 3801 32
3800 3804 32
3804 384 32
3801 3805 16
3805 384 32
3800 3803 16
3803 3805 16
3801 3802 16
3802 3804 16
384 3806 32
384 3807 32
3806 3810 32
3810 42 32
3807 3811 16
3811 42 32
3806 3809 16
3809 3811 16
3807 3808 16
3808 3810 16
381 3812 16
381 3813 16
3812 3816 16
3816 385 16
3813 3817 8
3817 385 16
3812 3815 8
3815 3817 8
3813 3814 8
3814 3816 8
385 3818 32
385 3819 32
3818 3822 32
3822 42 32
3819 3823 16
3823 42 32
3818 3821 16
3821 3823 16
3819 3820 16
3820 3822 16
380 3824 16
380 3825 16
3824 3828 16
3828 383 16
3825 3829 8
3829 383 16
3824 3827 8
3827 3829 8
3825 3826 8
3826 3828 8
383 3830 16
383 3831 16
3830 3834 16
3834 385 16
3831 3835 8
3835 385 16
3830 3833 8
3833 3835 8
3831 3832 8
3832 3834 8
381 3836 16
381 3837 16
3836 3840 16
3840 382 16
3837 3841 8
3841 382 16
3836 3839 8
3839 3841 8
3837 3838 8
3838 3840 8
382 3842 16
382 3843 16
3842 3846 16
3846 384 16
3843 3847 8
3847 384 16
3842 3845 8
3845 3847 8
3843 3844 8
3844 3846 8
42 3848 32
42 3849 32
3848 3852 32
3852 386 32
3849 3853 16
3853 386 32
3848 3851 16
3851 3853 16
3849 3850 16
3850 3852 16
42 3854 32
42 3855 32
3854 3858 32
3858 387 32
3855 3859 16
3859 387 32
3854 3857 16
3857 3859 16
3855 3856 16
3856 3858 16
386 3860 32
386 3861 32
3860 3864 32
3864 390 32
3861 3865 16
3865 390 32
3860 3863 16
3863 3865 16
3861 3862 16
3862 3864 16
390 3866 32
390 3867 32
3866 3870 32
3870 1 32
3867 3871 16
3871 1 32
3866 3869 16
3869 3871 16
3867 3868 16
3868 3870 16
387 3872 16
387 3873 16
3872 3876 16
3876 391 16
3873 3877 8
3877 391 16
3872 3875 8
3875 3877 8
3873 3874 8
3874 3876 8
391 3878 32
391 3879 32
3878 3882 32
3882 1 32
3879 3883 16
3883 1 32
3878 3881 16
3881 3883 16
3879 3880 16
3880 3882 16
386 3884 16
386 3885 16
3884 3888 16
3888 389 16
3885 3889 8
3889 389 16
3884 3887 8
3887 3889 8
3885 3886 8
3886 3888 8
389 3890 16
389 3891 16
3890 3894 16
3894 391 16
3891 3895 8
3895 391 16
3890 3893 8
3893 3895 8
3891 3892 8
3892 3894 8
387 3896 16
387 3897 16
3896 3900 16
3900 388 16
3897 3901 8
3901 388 16
3896 3899 8
3899 3901 8
3897 3898 8
3898 3900 8
388 3902 16
388 3903 16
3902 3906 16
3906 390 16
3903 3907 8
3907 390 16
3902 3905 8
3905 3907 8
3903 3904 8
3904 3906 8
39 3908 16
39 3909 16
3908 3912 16
3912 392 16
3909 3913 8
3913 392 16
3908 3911 8
3911 3913 8
3909 3910 8
3910 3912 8
39 3914 16
39 3915 16
3914 3918 16
3918 393 16
3915 3919 8
3919 393 16
3914 3917 8
3917 3919 8
3915 3916 8
3916 3918 8
392 3920 16
392 3921 16
3920 3924 16
3924 396 16
3921 3925 8
3925 396 16
3920 3923 8
3923 3925 8
3921 3922 8
3922 3924 8
396 3926 16
396 3927 16
3926 3930 16
3930 43 16
3927 3931 8
3931 43 16
3926 3929 8
3929 3931 8
3927 3928 8
3928 3930 8
393 3932 8
393 3933 8
3932 3936 8
3936 397 8
3933 3937 4
3937 397 8
3932 3935 4
3935 3937 4
3933 3934 4
3934 3936 4
397 3938 16
397 3939 16
3938 3942 16
3942 43 16
3939 3943 8
3943 43 16
3938 3941 8
3941 3943 8
3939 3940 8
3940 3942 8
392 3944 8
392 3945 8
3944 3948 8
3948 395 8
3945 3949 4
3949 395 8
3944 3947 4
3947 3949 4
3945 3946 4
3946 3948 4
395 3950 8
395 3951 8
3950 3954 8
3954 397 8
3951 3955 4
3955 397 8
3950 3953 4
3953 3955 4
3951 3952 4
3952 3954 4
393 3956 8
393 3957 8
3956 3960 8
3960 394 8
3957 3961 4
3961 394 8
3956 3959 4
3959 3961 4
3957 3958 4
3958 3960 4
394 3962 8
394 3963 8
3962 3966 8
3966 396 8
3963 3967 4
3967 396 8
3962 3965 4
3965 3967 4
3963 3964 4
3964 3966 4
43 3968 32
43 3969 32
3968 3972 32
3972 398 32
3969 3973 16
3973 398 32
3968 3971 16
3971 3973 16
3969 3970 16
3970 3972 16
43 3974 32
43 3975 32
3974 3978 32
3978 399 32
3975 3979 16
3979 399 32
3974 3977 16
3977 3979 16
3975 3976 16
3976 3978 16
398 3980 32
398 3981 32
3980 3984 32
3984 402 32
3981 3985 16
3985 402 32
3980 3983 16
3983 3985 16
3981 3982 16
3982 3984 16
402 3986 32
402 3987 32
3986 3990 32
3990 1 32
3987 3991 16
3991 1 32
3986 3989 16
3989 3991 16
3987 3988 16
3988 3990 16
399 3992 16
399 3993 16
3992 3996 16
3996 403 16
3993 3997 8
3997 403 16
3992 3995 8
3995 3997 8
3993 3994 8
3994 3996 8
403 3998 32
403 3999 32
3998 4002 32
4002 1 32
3999 4003 16
4003 1 32
3998 4001 16
4001 4003 16
3999 4000 16
4000 4002 16
398 4004 16
398 4005 16
4004 4008 16
4008 401 16
4005 4009 8
4009 401 16
4004 4007 8
4007 4009 8
4005 4006 8
4006 4008 8
401 4010 16
401 4011 16
4010 4014 16
4014 403 16
4011 4015 8
4015 403 16
4010 4013 8
4013 4015 8
4011 4012 8
4012 4014 8
399 4016 16
399 4017 16
4016 4020 16
4020 400 16
4017 4021 8
4021 400 16
4016 4019 8
4019 4021 8
4017 4018 8
4018 4020 8
400 4022 16
400 4023 16
4022 4026 16
4026 402 16
4023 4027 8
4027 402 16
4022 4025 8
4025 4027 8
4023 4024 8
4024 4026 8
38 4028 16
38 4029 16
4028 4032 16
4032 404 16
4029 4033 8
4033 404 16
4028 4031 8
4031 4033 8
4029 4030 8
4030 4032 8
38 4034 16
38 4035 16
4034 4038 16
4038 405 16
4035 4039 8
4039 405 16
4034 4037 8
4037 4039 8
4035 4036 8
4036 4038 8
404 4040 16
404 4041 16
4040 4044 16
4044 408 16
4041 4045 8
4045 408 16
4040 4043 8
4043 4045 8
4041 4042 8
4042 4044 8
408 4046 16
408 4047 16
4046 4050 16
4050 41 16
4047 4051 8
4051 41 16
4046 4049 8
4049 4051 8
4047 4048 8
4048 4050 8
405 4052 8
405 4053 8
4052 4056 8
4056 409 8
4053 4057 4
4057 409 8
4052 4055 4
4055 4057 4
4053 4054 4
4054 4056 4
409 4058 16
409 4059 16
4058 4062 16
4062 41 16
4059 4063 8
4063 41 16
4058 4061 8
4061 4063 8
4059 4060 8
4060 4062 8
404 4064 8
404 4065 8
4064 4068 8
4068 407 8
4065 4069 4
4069 407 8
4064 4067 4
4067 4069 4
4065 4066 4
4066 4068 4
407 4070 8
407 4071 8
4070 4074 8
4074 409 8
4071 4075 4
4075 409 8
4070 4073 4
4073 4075 4
4071 4072 4
4072 4074 4
405 4076 8
405 4077 8
4076 4080 8
4080 406 8
4077 4081 4
4081 406 8
4076 4079 4
4079 4081 4
4077 4078 4
4078 4080 4
406 4082 8
406 4083 8
4082 4086 8
4086 408 8
4083 4087 4
4087 408 8
4082 4085 4
4085 4087 4
4083 4084 4
4084 4086 4
41 4088 16
41 4089 16
4088 4092 16
4092 410 16
4089 4093 8
4093 410 16
4088 4091 8
4091 4093 8
4089 4090 8
4090 4092 8
41 4094 16
41 4095 16
4094 4098 16
4098 411 16
4095 4099 8
4099 411 16
4094 4097 8
4097 4099 8
4095 4096 8
4096 4098 8
410 4100 16
410 4101 16
4100 4104 16
4104 414 16
4101 4105 8
4105 414 16
4100 4103 8
4103 4105 8
4101 4102 8
4102 4104 8
414 4106 16
414 4107 16
4106 4110 16
4110 43 16
4107 4111 8
4111 43 16
4106 4109 8
4109 4111 8
4107 4108 8
4108 4110 8
411 4112 8
411 4113 8
4112 4116 8
4116 415 8
4113 4117 4
4117 415 8
4112 4115 4
4115 4117 4
4113 4114 4
4114 4116 4
415 4118 16
415 4119 16
4118 4122 16
4122 43 16
4119 4123 8
4123 43 16
4118 4121 8
4121 4123 8
4119 4120 8
4120 4122 8
410 4124 8
410 4125 8
4124 4128 8
4128 413 8
4125 4129 4
4129 413 8
4124 4127 4
4127 4129 4
4125 4126 4
4126 4128 4
413 4130 8
413 4131 8
4130 4134 8
4134 415 8
4131 4135 4
4135 415 8
4130 4133 4
4133 4135 4
4131 4132 4
4132 4134 4
411 4136 8
411 4137 8
4136 4140 8
4140 412 8
4137 4141 4
4141 412 8
4136 4139 4
4139 4141 4
4137 4138 4
4138 4140 4
412 4142 8
412 4143 8
4142 4146 8
4146 414 8
4143 4147 4
4147 414 8
4142 4145 4
4145 4147 4
4143 4144 4
4144 4146 4
39 4148 16
39 4149 16
4148 4152 16
4152 416 16
4149 4153 8
4153 416 16
4148 4151 8
4151 4153 8
4149 4150 8
4150 4152 8
39 4154 16
39 4155 16
4154 4158 16
4158 417 16
4155 4159 8
4159 417 16
4154 4157 8
4157 4159 8
4155 4156 8
4156 4158 8
416 4160 16
416 4161 16
4160 4164 16
4164 420 16
4161 4165 8
4165 420 16
4160 4163 8
4163 4165 8
4161 4162 8
4162 4164 8
420 4166 16
420 4167 16
4166 4170 16
4170 40 16
4167 4171 8
4171 40 16
4166 4169 8
4169 4171 8
4167 4168 8
4168 4170 8
417 4172 8
417 4173 8
4172 4176 8
4176 421 8
4173 4177 4
4177 421 8
4172 4175 4
4175 4177 4
4173 4174 4
4174 4176 4
421 4178 16
421 4179 16
4178 4182 16
4182 40 16
4179 4183 8
4183 40 16
4178 4181 8
4181 4183 8
4179 4180 8
4180 4182 8
416 4184 8
416 4185 8
4184 4188 8
4188 419 8
4185 4189 4
4189 419 8
4184 4187 4
4187 4189 4
4185 4186 4
4186 4188 4
419 4190 8
419 4191 8
4190 4194 8
4194 421 8
4191 4195 4
4195 421 8
4190 4193 4
4193 4195 4
4191 4192 4
4192 4194 4
417 4196 8
417 4197 8
4196 4200 8
4200 418 8
4197 4201 4
4201 418 8
4196 4199 4
4199 4201 4
4197 4198 4
4198 4200 4
418 4202 8
418 4203 8
4202 4206 8
4206 420 8
4203 4207 4
4207 420 8
4202 4205 4
4205 4207 4
4203 4204 4
4204 4206 4
40 4208 16
40 4209 16
4208 4212 16
4212 422 16
4209 4213 8
4213 422 16
4208 4211 8
4211 4213 8
4209 4210 8
4210 4212 8
40 4214 16
40 4215 16
4214 4218 16
4218 423 16
4215 4219 8
4219 423 16
4214 4217 8
4217 4219 8
4215 4216 8
4216 4218 8
422 4220 16
422 4221 16
4220 4224 16
4224 426 16
4221 4225 8
4225 426 16
4220 4223 8
4223 4225 8
4221 4222 8
4222 4224 8
426 4226 16
426 4227 16
4226 4230 16
4230 42 16
4227 4231 8
4231 42 16
4226 4229 8
4229 4231 8
4227 4228 8
4228 4230 8
423 4232 8
423 4233 8
4232 4236 8
4236 427 8
4233 4237 4
4237 427 8
4232 4235 4
4235 4237 4
4233 4234 4
4234 4236 4
427 4238 16
427 4239 16
4238 4242 16
4242 42 16
4239 4243 8
4243 42 16
4238 4241 8
4241 4243 8
4239 4240 8
4240 4242 8
422 4244 8
422 4245 8
4244 4248 8
4248 425 8
4245 4249 4
4249 425 8
4244 4247 4
4247 4249 4
4245 4246 4
4246 4248 4
425 4250 8
425 4251 8
4250 4254 8
4254 427 8
4251 4255 4
4255 427 8
4250 4253 4
4253 4255 4
4251 4252 4
4252 4254 4
423 4256 8
423 4257 8
4256 4260 8
4260 424 8
4257 4261 4
4261 424 8
4256 4259 4
4259 4261 4
4257 4258 4
4258 4260 4
424 4262 8
424 4263 8
4262 4266 8
4266 426 8
4263 4267 4
4267 426 8
4262 4265 4
4265 4267 4
4263 4264 4
4264 4266 4
2 4268 16
2 4269 16
4268 4272 16
4272 428 16
4269 4273 8
4273 428 16
4268 4271 8
4271 4273 8
4269 4270 8
4270 4272 8
2 4274 16
2 4275 16
4274 4278 16
4278 429 16
4275 4279 8
4279 429 16
4274 4277 8
4277 4279 8
4275 4276 8
4276 4278 8
428 4280 16
428 4281 16
4280 4284 16
4284 432 16
4281 4285 8
4285 432 16
4280 4283 8
4283 4285 8
4281 4282 8
4282 4284 8
432 4286 16
432 4287 16
4286 4290 16
4290 44 16
4287 4291 8
4291 44 16
4286 4289 8
4289 4291 8
4287 4288 8
4288 4290 8
429 4292 8
429 4293 8
4292 4296 8
4296 433 8
4293 4297 4
4297 433 8
4292 4295 4
4295 4297 4
4293 4294 4
4294 4296 4
433 4298 16
433 4299 16
4298 4302 16
4302 44 16
4299 4303 8
4303 44 16
4298 4301 8
4301 4303 8
4299 4300 8
4300 4302 8
428 4304 8
428 4305 8
4304 4308 8
4308 431 8
4305 4309 4
4309 431 8
4304 4307 4
4307 4309 4
4305 4306 4
4306 4308 4
431 4310 8
431 4311 8
4310 4314 8
4314 433 8
4311 4315 4
4315 433 8
4310 4313 4
4313 4315 4
4311 4312 4
4312 4314 4
429 4316 8
429 4317 8
4316 4320 8
4320 430 8
4317 4321 4
4321 430 8
4316 4319 4
4319 4321 4
4317 4318 4
4318 4320 4
430 4322 8
430 4323 8
4322 4326 8
4326 432 8
4323 4327 4
4327 432 8
4322 4325 4
4325 4327 4
4323 4324 4
4324 4326 4
2 4328 16
2 4329 16
4328 4332 16
4332 434 16
4329 4333 8
4333 434 16
4328 4331 8
4331 4333 8
4329 4330 8
4330 4332 8
2 4334 16
2 4335 16
4334 4338 16
4338 435 16
4335 4339 8
4339 435 16
4334 4337 8
4337 4339 8
4335 4336 8
4336 4338 8
434 4340 16
434 4341 16
4340 4344 16
4344 438 16
4341 4345 8
4345 438 16
4340 4343 8
4343 4345 8
4341 4342 8
4342 4344 8
438 4346 16
438 4347 16
4346 4350 16
4350 45 16
4347 4351 8
4351 45 16
4346 4349 8
4349 4351 8
4347 4348 8
4348 4350 8
435 4352 8
435 4353 8
4352 4356 8
4356 439 8
4353 4357 4
4357 439 8
4352 4355 4
4355 4357 4
4353 4354 4
4354 4356 4
439 4358 16
439 4359 16
4358 4362 16
4362 45 16
4359 4363 8
4363 45 16
4358 4361 8
4361 4363 8
4359 4360 8
4360 4362 8
434 4364 8
434 4365 8
4364 4368 8
4368 437 8
4365 4369 4
4369 437 8
4364 4367 4
4367 4369 4
4365 4366 4
4366 4368 4
437 4370 8
437 4371 8
4370 4374 8
4374 439 8
4371 4375 4
4375 439 8
4370 4373 4
4373 4375 4
4371 4372 4
4372 4374 4
435 4376 8
435 4377 8
4376 4380 8
4380 436 8
4377 4381 4
4381 436 8
4376 4379 4
4379 4381 4
4377 4378 4
4378 4380 4
436 4382 8
436 4383 8
4382 4386 8
4386 438 8
4383 4387 4
4387 438 8
4382 4385 4
4385 4387 4
4383 4384 4
4384 4386 4
44 4388 16
44 4389 16
4388 4392 16
4392 440 16
4389 4393 8
4393 440 16
4388 4391 8
4391 4393 8
4389 4390 8
4390 4392 8
44 4394 16
44 4395 16
4394 4398 16
4398 441 16
4395 4399 8
4399 441 16
4394 4397 8
4397 4399 8
4395 4396 8
4396 4398 8
440 4400 16
440 4401 16
4400 4404 16
4404 444 16
4401 4405 8
4405 444 16
4400 4403 8
4403 4405 8
4401 4402 8
4402 4404 8
444 4406 16
444 4407 16
4406 4410 16
4410 48 16
4407 4411 8
4411 48 16
4406 4409 8
4409 4411 8
4407 4408 8
4408 4410 8
441 4412 8
441 4413 8
4412 4416 8
4416 445 8
4413 4417 4
4417 445 8
4412 4415 4
4415 4417 4
4413 4414 4
4414 4416 4
445 4418 16
445 4419 16
4418 4422 16
4422 48 16
4419 4423 8
4423 48 16
4418 4421 8
4421 4423 8
4419 4420 8
4420 4422 8
440 4424 8
440 4425 8
4424 4428 8
4428 443 8
4425 4429 4
4429 443 8
4424 4427 4
4427 4429 4
4425 4426 4
4426 4428 4
443 4430 8
443 4431 8
4430 4434 8
4434 445 8
4431 4435 4
4435 445 8
4430 4433 4
4433 4435 4
4431 4432 4
4432 4434 4
441 4436 8
441 4437 8
4436 4440 8
4440 442 8
4437 4441 4
4441 442 8
4436 4439 4
4439 4441 4
4437 4438 4
4438 4440 4
442 4442 8
442 4443 8
4442 4446 8
4446 444 8
4443 4447 4
4447 444 8
4442 4445 4
4445 4447 4
4443 4444 4
4444 4446 4
48 4448 16
48 4449 16
4448 4452 16
4452 446 16
4449 4453 8
4453 446 16
4448 4451 8
4451 4453 8
4449 4450 8
4450 4452 8
48 4454 16
48 4455 16
4454 4458 16
4458 447 16
4455 4459 8
4459 447 16
4454 4457 8
4457 4459 8
4455 4456 8
4456 4458 8
446 4460 16
446 4461 16
4460 4464 16
4464 450 16
4461 4465 8
4465 450 16
4460 4463 8
4463 4465 8
4461 4462 8
4462 4464 8
450 4466 16
450 4467 16
4466 4470 16
4470 5 16
4467 4471 8
4471 5 16
4466 4469 8
4469 4471 8
4467 4468 8
4468 4470 8
447 4472 8
447 4473 8
4472 4476 8
4476 451 8
4473 4477 4
4477 451 8
4472 4475 4
4475 4477 4
4473 4474 4
4474 4476 4
451 4478 16
451 4479 16
4478 4482 16
4482 5 16
4479 4483 8
4483 5 16
4478 4481 8
4481 4483 8
4479 4480 8
4480 4482 8
446 4484 8
446 4485 8
4484 4488 8
4488 449 8
4485 4489 4
4489 449 8
4484 4487 4
4487 4489 4
4485 4486 4
4486 4488 4
449 4490 8
449 4491 8
4490 4494 8
4494 451 8
4491 4495 4
4495 451 8
4490 4493 4
4493 4495 4
4491 4492 4
4492 4494 4
447 4496 8
447 4497 8
4496 4500 8
4500 448 8
4497 4501 4
4501 448 8
4496 4499 4
4499 4501 4
4497 4498 4
4498 4500 4
448 4502 8
448 4503 8
4502 4506 8
4506 450 8
4503 4507 4
4507 450 8
4502 4505 4
4505 4507 4
4503 4504 4
4504 4506 4
45 4508 8
45 4509 8
4508 4512 8
4512 452 8
4509 4513 4
4513 452 8
4508 4511 4
4511 4513 4
4509 4510 4
4510 4512 4
45 4514 8
45 4515 8
4514 4518 8
4518 453 8
4515 4519 4
4519 453 8
4514 4517 4
4517 4519 4
4515 4516 4
4516 4518 4
452 4520 8
452 4521 8
4520 4524 8
4524 456 8
4521 4525 4
4525 456 8
4520 4523 4
4523 4525 4
4521 4522 4
4522 4524 4
456 4526 8
456 4527 8
4526 4530 8
4530 49 8
4527 4531 4
4531 49 8
4526 4529 4
4529 4531 4
4527 4528 4
4528 4530 4
453 4532 4
453 4533 4
4532 4536 4
4536 457 4
4533 4537 2
4537 457 4
4532 4535 2
4535 4537 2
4533 4534 2
4534 4536 2
457 4538 8
457 4539 8
4538 4542 8
4542 49 8
4539 4543 4
4543 49 8
4538 4541 4
4541 4543 4
4539 4540 4
4540 4542 4
452 4544 4
452 4545 4
4544 4548 4
4548 455 4
4545 4549 2
4549 455 4
4544 4547 2
4547 4549 2
4545 4546 2
4546 4548 2
455 4550 4
455 4551 4
4550 4554 4
4554 457 4
4551 4555 2
4555 457 4
4550 4553 2
4553 4555 2
4551 4552 2
4552 4554 2
453 4556 4
453 4557 4
4556 4560 4
4560 454 4
4557 4561 2
4561 454 4
4556 4559 2
4559 4561 2
4557 4558 2
4558 4560 2
454 4562 4
454 4563 4
4562 4566 4
4566 456 4
4563 4567 2
4567 456 4
4562 4565 2
4565 4567 2
4563 4564 2
4564 4566 2
49 4568 16
49 4569 16
4568 4572 16
4572 458 16
4569 4573 8
4573 458 16
4568 4571 8
4571 4573 8
4569 4570 8
4570 4572 8
49 4574 16
49 4575 16
4574 4578 16
4578 459 16
4575 4579 8
4579 459 16
4574 4577 8
4577 4579 8
4575 4576 8
4576 4578 8
458 4580 16
458 4581 16
4580 4584 16
4584 462 16
4581 4585 8
4585 462 16
4580 4583 8
4583 4585 8
4581 4582 8
4582 4584 8
462 4586 16
462 4587 16
4586 4590 16
4590 5 16
4587 4591 8
4591 5 16
4586 4589 8
4589 4591 8
4587 4588 8
4588 4590 8
459 4592 8
459 4593 8
4592 4596 8
4596 463 8
4593 4597 4
4597 463 8
4592 4595 4
4595 4597 4
4593 4594 4
4594 4596 4
463 4598 16
463 4599 16
4598 4602 16
4602 5 16
4599 4603 8
4603 5 16
4598 4601 8
4601 4603 8
4599 4600 8
4600 4602 8
458 4604 8
458 4605 8
4604 4608 8
4608 461 8
4605 4609 4
4609 461 8
4604 4607 4
4607 4609 4
4605 4606 4
4606 4608 4
461 4610 8
461 4611 8
4610 4614 8
4614 463 8
4611 4615 4
4615 463 8
4610 4613 4
4613 4615 4
4611 4612 4
4612 4614 4
459 4616 8
459 4617 8
4616 4620 8
4620 460 8
4617 4621 4
4621 460 8
4616 4619 4
4619 4621 4
4617 4618 4
4618 4620 4
460 4622 8
460 4623 8
4622 4626 8
4626 462 8
4623 4627 4
4627 462 8
4622 4625 4
4625 4627 4
4623 4624 4
4624 4626 4
44 4628 8
44 4629 8
4628 4632 8
4632 464 8
4629 4633 4
4633 464 8
4628 4631 4
4631 4633 4
4629 4630 4
4630 4632 4
44 4634 8
44 4635 8
4634 4638 8
4638 465 8
4635 4639 4
4639 465 8
4634 4637 4
4637 4639 4
4635 4636 4
4636 4638 4
464 4640 8
464 4641 8
4640 4644 8
4644 468 8
4641 4645 4
4645 468 8
4640 4643 4
4643 4645 4
4641 4642 4
4642 4644 4
468 4646 8
468 4647 8
4646 4650 8
4650 47 8
4647 4651 4
4651 47 8
4646 4649 4
4649 4651 4
4647 4648 4
4648 4650 4
465 4652 4
465 4653 4
4652 4656 4
4656 469 4
4653 4657 2
4657 469 4
4652 4655 2
4655 4657 2
4653 4654 2
4654 4656 2
469 4658 8
469 4659 8
4658 4662 8
4662 47 8
4659 4663 4
4663 47 8
4658 4661 4
4661 4663 4
4659 4660 4
4660 4662 4
464 4664 4
464 4665 4
4664 4668 4
4668 467 4
4665 4669 2
4669 467 4
4664 4667 2
4667 4669 2
4665 4666 2
4666 4668 2
467 4670 4
467 4671 4
4670 4674 4
4674 469 4
4671 4675 2
4675 469 4
4670 4673 2
4673 4675 2
4671 4672 2
4672 4674 2
465 4676 4
465 4677 4
4676 4680 4
4680 466 4
4677 4681 2
4681 466 4
4676 4679 2
4679 4681 2
4677 4678 2
4678 4680 2
466 4682 4
466 4683 4
4682 4686 4
4686 468 4
4683 4687 2
4687 468 4
4682 4685 2
4685 4687 2
4683 4684 2
4684 4686 2
47 4688 8
47 4689 8
4688 4692 8
4692 470 8
4689 4693 4
4693 470 8
4688 4691 4
4691 4693 4
4689 4690 4
4690 4692 4
47 4694 8
47 4695 8
4694 4698 8
4698 471 8
4695 4699 4
4699 471 8
4694 4697 4
4697 4699 4
4695 4696 4
4696 4698 4
470 4700 8
470 4701 8
4700 4704 8
4704 474 8
4701 4705 4
4705 474 8
4700 4703 4
4703 4705 4
4701 4702 4
4702 4704 4
474 4706 8
474 4707 8
4706 4710 8
4710 49 8
4707 4711 4
4711 49 8
4706 4709 4
4709 4711 4
4707 4708 4
4708 4710 4
471 4712 4
471 4713 4
4712 4716 4
4716 475 4
4713 4717 2
4717 475 4
4712 4715 2
4715 4717 2
4713 4714 2
4714 4716 2
475 4718 8
475 4719 8
4718 4722 8
4722 49 8
4719 4723 4
4723 49 8
4718 4721 4
4721 4723 4
4719 4720 4
4720 4722 4
470 4724 4
470 4725 4
4724 4728 4
4728 473 4
4725 4729 2
4729 473 4
4724 4727 2
4727 4729 2
4725 4726 2
4726 4728 2
473 4730 4
473 4731 4
4730 4734 4
4734 475 4
4731 4735 2
4735 475 4
4730 4733 2
4733 4735 2
4731 4732 2
4732 4734 2
471 4736 4
471 4737 4
4736 4740 4
4740 472 4
4737 4741 2
4741 472 4
4736 4739 2
4739 4741 2
4737 4738 2
4738 4740 2
472 4742 4
472 4743 4
4742 4746 4
4746 474 4
4743 4747 2
4747 474 4
4742 4745 2
4745 4747 2
4743 4744 2
4744 4746 2
45 4748 8
45 4749 8
4748 4752 8
4752 476 8
4749 4753 4
4753 476 8
4748 4751 4
4751 4753 4
4749 4750 4
4750 4752 4
45 4754 8
45 4755 8
4754 4758 8
4758 477 8
4755 4759 4
4759 477 8
4754 4757 4
4757 4759 4
4755 4756 4
4756 4758 4
476 4760 8
476 4761 8
4760 4764 8
4764 480 8
4761 4765 4
4765 480 8
4760 4763 4
4763 4765 4
4761 4762 4
4762 4764 4
480 4766 8
480 4767 8
4766 4770 8
4770 46 8
4767 4771 4
4771 46 8
4766 4769 4
4769 4771 4
4767 4768 4
4768 4770 4
477 4772 4
477 4773 4
4772 4776 4
4776 481 4
4773 4777 2
4777 481 4
4772 4775 2
4775 4777 2
4773 4774 2
4774 4776 2
481 4778 8
481 4779 8
4778 4782 8
4782 46 8
4779 4783 4
4783 46 8
4778 4781 4
4781 4783 4
4779 4780 4
4780 4782 4
476 4784 4
476 4785 4
4784 4788 4
4788 479 4
4785 4789 2
4789 479 4
4784 4787 2
4787 4789 2
4785 4786 2
4786 4788 2
479 4790 4
479 4791 4
4790 4794 4
4794 481 4
4791 4795 2
4795 481 4
4790 4793 2
4793 4795 2
4791 4792 2
4792 4794 2
477 4796 4
477 4797 4
4796 4800 4
4800 478 4
4797 4801 2
4801 478 4
4796 4799 2
4799 4801 2
4797 4798 2
4798 4800 2
478 4802 4
478 4803 4
4802 4806 4
4806 480 4
4803 4807 2
4807 480 4
4802 4805 2
4805 4807 2
4803 4804 2
4804 4806 2
46 4808 8
46 4809 8
4808 4812 8
4812 482 8
4809 4813 4
4813 482 8
4808 4811 4
4811 4813 4
4809 4810 4
4810 4812 4
46 4814 8
46 4815 8
4814 4818 8
4818 483 8
4815 4819 4
4819 483 8
4814 4817 4
4817 4819 4
4815 4816 4
4816 4818 4
482 4820 8
482 4821 8
4820 4824 8
4824 486 8
4821 4825 4
4825 486 8
4820 4823 4
4823 4825 4
4821 4822 4
4822 4824 4
486 4826 8
486 4827 8
4826 4830 8
4830 48 8
4827 4831 4
4831 48 8
4826 4829 4
4829 4831 4
4827 4828 4
4828 4830 4
483 4832 4
483 4833 4
4832 4836 4
4836 487 4
4833 4837 2
4837 487 4
4832 4835 2
4835 4837 2
4833 4834 2
4834 4836 2
487 4838 8
487 4839 8
4838 4842 8
4842 48 8
4839 4843 4
4843 48 8
4838 4841 4
4841 4843 4
4839 4840 4
4840 4842 4
482 4844 4
482 4845 4
4844 4848 4
4848 485 4
4845 4849 2
4849 485 4
4844 4847 2
4847 4849 2
4845 4846 2
4846 4848 2
485 4850 4
485 4851 4
4850 4854 4
4854 487 4
4851 4855 2
4855 487 4
4850 4853 2
4853 4855 2
4851 4852 2
4852 4854 2
483 4856 4
483 4857 4
4856 4860 4
4860 484 4
4857 4861 2
4861 484 4
4856 4859 2
4859 4861 2
4857 4858 2
4858 4860 2
484 4862 4
484 4863 4
4862 4866 4
4866 486 4
4863 4867 2
4867 486 4
4862 4865 2
4865 4867 2
4863 4864 2
4864 4866 2
5 4868 16
5 4869 16
4868 4872 16
4872 488 16
4869 4873 8
4873 488 16
4868 4871 8
4871 4873 8
4869 4870 8
4870 4872 8
5 4874 16
5 4875 16
4874 4878 16
4878 489 16
4875 4879 8
4879 489 16
4874 4877 8
4877 4879 8
4875 4876 8
4876 4878 8
488 4880 16
488 4881 16
4880 4884 16
4884 492 16
4881 4885 8
4885 492 16
4880 4883 8
4883 4885 8
4881 4882 8
4882 4884 8
492 4886 16
492 4887 16
4886 4890 16
4890 50 16
4887 4891 8
4891 50 16
4886 4889 8
4889 4891 8
4887 4888 8
4888 4890 8
489 4892 8
489 4893 8
4892 4896 8
4896 493 8
4893 4897 4
4897 493 8
4892 4895 4
4895 4897 4
4893 4894 4
4894 4896 4
493 4898 16
493 4899 16
4898 4902 16
4902 50 16
4899 4903 8
4903 50 16
4898 4901 8
4901 4903 8
4899 4900 8
4900 4902 8
488 4904 8
488 4905 8
4904 4908 8
4908 491 8
4905 4909 4
4909 491 8
4904 4907 4
4907 4909 4
4905 4906 4
4906 4908 4
491 4910 8
491 4911 8
4910 4914 8
4914 493 8
4911 4915 4
4915 493 8
4910 4913 4
4913 4915 4
4911 4912 4
4912 4914 4
489 4916 8
489 4917 8
4916 4920 8
4920 490 8
4917 4921 4
4921 490 8
4916 4919 4
4919 4921 4
4917 4918 4
4918 4920 4
490 4922 8
490 4923 8
4922 4926 8
4926 492 8
4923 4927 4
4927 492 8
4922 4925 4
4925 4927 4
4923 4924 4
4924 4926 4
5 4928 16
5 4929 16
4928 4932 16
4932 494 16
4929 4933 8
4933 494 16
4928 4931 8
4931 4933 8
4929 4930 8
4930 4932 8
5 4934 16
5 4935 16
4934 4938 16
4938 495 16
4935 4939 8
4939 495 16
4934 4937 8
4937 4939 8
4935 4936 8
4936 4938 8
494 4940 16
494 4941 16
4940 4944 16
4944 498 16
4941 4945 8
4945 498 16
4940 4943 8
4943 4945 8
4941 4942 8
4942 4944 8
498 4946 16
498 4947 16
4946 4950 16
4950 51 16
4947 4951 8
4951 51 16
4946 4949 8
4949 4951 8
4947 4948 8
4948 4950 8
495 4952 8
495 4953 8
4952 4956 8
4956 499 8
4953 4957 4
4957 499 8
4952 4955 4
4955 4957 4
4953 4954 4
4954 4956 4
499 4958 16
499 4959 16
4958 4962 16
4962 51 16
4959 4963 8
4963 51 16
4958 4961 8
4961 4963 8
4959 4960 8
4960 4962 8
494 4964 8
494 4965 8
4964 4968 8
4968 497 8
4965 4969 4
4969 497 8
4964 4967 4
4967 4969 4
4965 4966 4
4966 4968 4
497 4970 8
497 4971 8
4970 4974 8
4974 499 8
4971 4975 4
4975 499 8
4970 4973 4
4973 4975 4
4971 4972 4
4972 4974 4
495 4976 8
495 4977 8
4976 4980 8
4980 496 8
4977 4981 4
4981 496 8
4976 4979 4
4979 4981 4
4977 4978 4
4978 4980 4
496 4982 8
496 4983 8
4982 4986 8
4986 498 8
4983 4987 4
4987 498 8
4982 4985 4
4985 4987 4
4983 4984 4
4984 4986 4
50 4988 16
50 4989 16
4988 4992 16
4992 500 16
4989 4993 8
4993 500 16
4988 4991 8
4991 4993 8
4989 4990 8
4990 4992 8
50 4994 16
50 4995 16
4994 4998 16
4998 501 16
4995 4999 8
4999 501 16
4994 4997 8
4997 4999 8
4995 4996 8
4996 4998 8
500 504 32
504 54 32
501 505 16
505 54 32
500 503 16
503 505 16
501 502 16
502 504 16
54 506 32
54 507 32
506 510 32
510 7 32
507 511 16
511 7 32
506 509 16
509 511 16
507 508 16
508 510 16
51 512 16
51 513 16
512 516 16
516 55 16
513 517 8
517 55 16
512 515 8
515 517 8
513 514 8
514 516 8
55 518 32
55 519 32
518 522 32
522 7 32
519 523 16
523 7 32
518 521 16
521 523 16
519 520 16
520 522 16
50 524 16
50 525 16
524 528 16
528 53 16
525 529 8
529 53 16
524 527 8
527 529 8
525 526 8
526 528 8
53 530 16
53 531 16
530 534 16
534 55 16
531 535 8
535 55 16
530 533 8
533 535 8
531 532 8
532 534 8
51 536 16
51 537 16
536 540 16
540 52 16
537 541 8
541 52 16
536 539 8
539 541 8
537 538 8
538 540 8
52 542 16
52 543 16
542 546 16
546 54 16
543 547 8
547 54 16
542 545 8
545 547 8
543 544 8
544 546 8
3 548 32
3 549 32
548 552 32
552 56 32
549 553 16
553 56 32
548 551 16
551 553 16
549 550 16
550 552 16
3 554 32
3 555 32
554 558 32
558 57 32
555 559 16
559 57 32
554 557 16
557 559 16
555 556 16
556 558 16
56 560 32
56 561 32
560 564 32
564 60 32
561 565 16
565 60 32
560 563 16
563 565 16
561 562 16
562 564 16
60 566 32
60 567 32
566 570 32
570 4 32
567 571 16
571 4 32
566 569 16
569 571 16
567 568 16
568 570 16
57 572 16
57 573 16
572 576 16
576 61 16
573 577 8
577 61 16
572 575 8
575 577 8
573 574 8
574 576 8
61 578 32
61 579 32
578 582 32
582 4 32
579 583 16
583 4 32
578 581 16
581 583 16
579 580 16
580 582 16
56 584 16
56 585 16
584 588 16
588 59 16
585 589 8
589 59 16
584 587 8
587 589 8
585 586 8
586 588 8
59 590 16
59 591 16
590 594 16
594 61 16
591 595 8
595 61 16
590 593 8
593 595 8
591 592 8
592 594 8
57 596 16
57 597 16
596 600 16
600 58 16
597 601 8
601 58 16
596 599 8
599 601 8
597 598 8
598 600 8
58 602 16
58 603 16
602 606 16
606 60 16
603 607 8
607 60 16
602 605 8
605 607 8
603 604 8
604 606 8
4 608 32
4 609 32
608 612 32
612 62 32
609 613 16
613 62 32
608 611 16
611 613 16
609 610 16
610 612 16
4 614 32
4 615 32
614 618 32
618 63 32
615 619 16
619 63 32
614 617 16
617 619 16
615 616 16
616 618 16
62 620 32
62 621 32
620 624 32
624 66 32
621 625 16
625 66 32
620 623 16
623 625 16
621 622 16
622 624 16
66 626 32
66 627 32
626 630 32
630 6 32
627 631 16
631 6 32
626 629 16
629 631 16
627 628 16
628 630 16
63 632 16
63 633 16
632 636 16
636 67 16
633 637 8
637 67 16
632 635 8
635 637 8
633 634 8
634 636 8
67 638 32
67 639 32
638 642 32
642 6 32
639 643 16
643 6 32
638 641 16
641 643 16
639 640 16
640 642 16
62 644 16
62 645 16
644 648 16
648 65 16
645 649 8
649 65 16
644 647 8
647 649 8
645 646 8
646 648 8
65 650 16
65 651 16
650 654 16
654 67 16
651 655 8
655 67 16
650 653 8
653 655 8
651 652 8
652 654 8
63 656 16
63 657 16
656 660 16
660 64 16
657 661 8
661 64 16
656 659 8
659 661 8
657 658 8
658 660 8
64 662 16
64 663 16
662 666 16
666 66 16
663 667 8
667 66 16
662 665 8
665 667 8
663 664 8
664 666 8
