0 68 64
0 69 64
68 72 64
72 8 64
69 73 32
73 8 64
68 71 32
71 73 32
69 70 32
70 72 32
0 74 64
0 75 64
74 78 64
78 9 64
75 79 32
79 9 64
74 77 32
77 79 32
75 76 32
76 78 32
8 80 64
8 81 64
80 84 64
84 12 64
81 85 32
85 12 64
80 83 32
83 85 32
81 82 32
82 84 32
12 86 64
12 87 64
86 90 64
90 2 64
87 91 32
91 2 64
86 89 32
89 91 32
87 88 32
88 90 32
9 92 32
9 93 32
92 96 32
96 13 32
93 97 16
97 13 32
92 95 16
95 97 16
93 94 16
94 96 16
13 98 64
13 99 64
98 102 64
102 2 64
99 103 32
103 2 64
98 101 32
101 103 32
99 100 32
100 102 32
8 104 32
8 105 32
104 108 32
108 11 32
105 109 16
109 11 32
104 107 16
107 109 16
105 106 16
106 108 16
11 110 32
11 111 32
110 114 32
114 13 32
111 115 16
115 13 32
110 113 16
113 115 16
111 112 16
112 114 16
9 116 32
9 117 32
116 120 32
120 10 32
117 121 16
121 10 32
116 119 16
119 121 16
117 118 16
118 120 16
10 122 32
10 123 32
122 126 32
126 12 32
123 127 16
127 12 32
122 125 16
125 127 16
123 124 16
124 126 16
0 128 64
0 129 64
128 132 64
132 14 64
129 133 32
133 14 64
128 131 32
131 133 32
129 130 32
130 132 32
0 134 64
0 135 64
134 138 64
138 15 64
135 139 32
139 15 64
134 137 32
137 139 32
135 136 32
136 138 32
14 140 64
14 141 64
140 144 64
144 18 64
141 145 32
145 18 64
140 143 32
143 145 32
141 142 32
142 144 32
18 146 64
18 147 64
146 150 64
150 3 64
147 151 32
151 3 64
146 149 32
149 151 32
147 148 32
148 150 32
15 152 32
15 153 32
152 156 32
156 19 32
153 157 16
157 19 32
152 155 16
155 157 16
153 154 16
154 156 16
19 158 64
19 159 64
158 162 64
162 3 64
159 163 32
163 3 64
158 161 32
161 163 32
159 160 32
160 162 32
14 164 32
14 165 32
164 168 32
168 17 32
165 169 16
169 17 32
164 167 16
167 169 16
165 166 16
166 168 16
17 170 32
17 171 32
170 174 32
174 19 32
171 175 16
175 19 32
170 173 16
173 175 16
171 172 16
172 174 16
15 176 32
15 177 32
176 180 32
180 16 32
177 181 16
181 16 32
176 179 16
179 181 16
177 178 16
178 180 16
16 182 32
16 183 32
182 186 32
186 18 32
183 187 16
187 18 32
182 185 16
185 187 16
183 184 16
184 186 16
2 188 64
2 189 64
188 192 64
192 20 64
189 193 32
193 20 64
188 191 32
191 193 32
189 190 32
190 192 32
2 194 64
2 195 64
194 198 64
198 21 64
195 199 32
199 21 64
194 197 32
197 199 32
195 196 32
196 198 32
20 200 64
20 201 64
200 204 64
204 24 64
201 205 32
205 24 64
200 203 32
203 205 32
201 202 32
202 204 32
24 206 64
24 207 64
206 210 64
210 6 64
207 211 32
211 6 64
206 209 32
209 211 32
207 208 32
208 210 32
21 212 32
21 213 32
212 216 32
216 25 32
213 217 16
217 25 32
212 215 16
215 217 16
213 214 16
214 216 16
25 218 64
25 219 64
218 222 64
222 6 64
219 223 32
223 6 64
218 221 32
221 223 32
219 220 32
220 222 32
20 224 32
20 225 32
224 228 32
228 23 32
225 229 16
229 23 32
224 227 16
227 229 16
225 226 16
226 228 16
23 230 32
23 231 32
230 234 32
234 25 32
231 235 16
235 25 32
230 233 16
233 235 16
231 232 16
232 234 16
21 236 32
21 237 32
236 240 32
240 22 32
237 241 16
241 22 32
236 239 16
239 241 16
237 238 16
238 240 16
22 242 32
22 243 32
242 246 32
246 24 32
243 247 16
247 24 32
242 245 16
245 247 16
243 244 16
244 246 16
6 248 64
6 249 64
248 252 64
252 26 64
249 253 32
253 26 64
248 251 32
251 253 32
249 250 32
250 252 32
6 254 64
6 255 64
254 258 64
258 27 64
255 259 32
259 27 64
254 257 32
257 259 32
255 256 32
256 258 32
26 260 64
26 261 64
260 264 64
264 30 64
261 265 32
265 30 64
260 263 32
263 265 32
261 262 32
262 264 32
30 266 64
30 267 64
266 270 64
270 1 64
267 271 32
271 1 64
266 269 32
269 271 32
267 268 32
268 270 32
27 272 32
27 273 32
272 276 32
276 31 32
273 277 16
277 31 32
272 275 16
275 277 16
273 274 16
274 276 16
31 278 64
31 279 64
278 282 64
282 1 64
279 283 32
283 1 64
278 281 32
281 283 32
279 280 32
280 282 32
26 284 32
26 285 32
284 288 32
288 29 32
285 289 16
289 29 32
284 287 16
287 289 16
285 286 16
286 288 16
29 290 32
29 291 32
290 294 32
294 31 32
291 295 16
295 31 32
290 293 16
293 295 16
291 292 16
292 294 16
27 296 32
27 297 32
296 300 32
300 28 32
297 301 16
301 28 32
296 299 16
299 301 16
297 298 16
298 300 16
28 302 32
28 303 32
302 306 32
306 30 32
303 307 16
307 30 32
302 305 16
305 307 16
303 304 16
304 306 16
3 308 32
3 309 32
308 312 32
312 32 32
309 313 16
313 32 32
308 311 16
311 313 16
309 310 16
310 312 16
3 314 32
3 315 32
314 318 32
318 33 32
315 319 16
319 33 32
314 317 16
317 319 16
315 316 16
316 318 16
32 320 32
32 321 32
320 324 32
324 36 32
321 325 16
325 36 32
320 323 16
323 325 16
321 322 16
322 324 16
36 326 32
36 327 32
326 330 32
330 7 32
327 331 16
331 7 32
326 329 16
329 331 16
327 328 16
328 330 16
33 332 16
33 333 16
332 336 16
336 37 16
333 337 8
337 37 16
332 335 8
335 337 8
333 334 8
334 336 8
37 338 32
37 339 32
338 342 32
342 7 32
339 343 16
343 7 32
338 341 16
341 343 16
339 340 16
340 342 16
32 344 16
32 345 16
344 348 16
348 35 16
345 349 8
349 35 16
344 347 8
347 349 8
345 346 8
346 348 8
35 350 16
35 351 16
350 354 16
354 37 16
351 355 8
355 37 16
350 353 8
353 355 8
351 352 8
352 354 8
33 356 16
33 357 16
356 360 16
360 34 16
357 361 8
361 34 16
356 359 8
359 361 8
357 358 8
358 360 8
34 362 16
34 363 16
362 366 16
366 36 16
363 367 8
367 36 16
362 365 8
365 367 8
363 364 8
364 366 8
7 368 64
7 369 64
368 372 64
372 38 64
369 373 32
373 38 64
368 371 32
371 373 32
369 370 32
370 372 32
7 374 64
7 375 64
374 378 64
378 39 64
375 379 32
379 39 64
374 377 32
377 379 32
375 376 32
376 378 32
38 380 64
38 381 64
380 384 64
384 42 64
381 385 32
385 42 64
380 383 32
383 385 32
381 382 32
382 384 32
42 386 64
42 387 64
386 390 64
390 1 64
387 391 32
391 1 64
386 389 32
389 391 32
387 388 32
388 390 32
39 392 32
39 393 32
392 396 32
396 43 32
393 397 16
397 43 32
392 395 16
395 397 16
393 394 16
394 396 16
43 398 64
43 399 64
398 402 64
402 1 64
399 403 32
403 1 64
398 401 32
401 403 32
399 400 32
400 402 32
38 404 32
38 405 32
404 408 32
408 41 32
405 409 16
409 41 32
404 407 16
407 409 16
405 406 16
406 408 16
41 410 32
41 411 32
410 414 32
414 43 32
411 415 16
415 43 32
410 413 16
413 415 16
411 412 16
412 414 16
39 416 32
39 417 32
416 420 32
420 40 32
417 421 16
421 40 32
416 419 16
419 421 16
417 418 16
418 420 16
40 422 32
40 423 32
422 426 32
426 42 32
423 427 16
427 42 32
422 425 16
425 427 16
423 424 16
424 426 16
2 428 32
2 429 32
428 432 32
432 44 32
429 433 16
433 44 32
428 431 16
431 433 16
429 430 16
430 432 16
2 434 32
2 435 32
434 438 32
438 45 32
435 439 16
439 45 32
434 437 16
437 439 16
435 436 16
436 438 16
44 440 32
44 441 32
440 444 32
444 48 32
441 445 16
445 48 32
440 443 16
443 445 16
441 442 16
442 444 16
48 446 32
48 447 32
446 450 32
450 5 32
447 451 16
451 5 32
446 449 16
449 451 16
447 448 16
448 450 16
45 452 16
45 453 16
452 456 16
456 49 16
453 457 8
457 49 16
452 455 8
455 457 8
453 454 8
454 456 8
49 458 32
49 459 32
458 462 32
462 5 32
459 463 16
463 5 32
458 461 16
461 463 16
459 460 16
460 462 16
44 464 16
44 465 16
464 468 16
468 47 16
465 469 8
469 47 16
464 467 8
467 469 8
465 466 8
466 468 8
47 470 16
47 471 16
470 474 16
474 49 16
471 475 8
475 49 16
470 473 8
473 475 8
471 472 8
472 474 8
45 476 16
45 477 16
476 480 16
480 46 16
477 481 8
481 46 16
476 479 8
479 481 8
477 478 8
478 480 8
46 482 16
46 483 16
482 486 16
486 48 16
483 487 8
487 48 16
482 485 8
485 487 8
483 484 8
484 486 8
5 488 32
5 489 32
488 492 32
492 50 32
489 493 16
493 50 32
488 491 16
491 493 16
489 490 16
490 492 16
5 494 32
5 495 32
494 498 32
498 51 32
495 499 16
499 51 32
494 497 16
497 499 16
495 496 16
496 498 16
50 500 32
50 501 32
500 504 32
504 54 32
501 505 16
505 54 32
500 503 16
503 505 16
501 502 16
502 504 16
54 506 32
54 507 32
506 510 32
510 7 32
507 511 16
511 7 32
506 509 16
509 511 16
507 508 16
508 510 16
51 512 16
51 513 16
512 516 16
516 55 16
513 517 8
517 55 16
512 515 8
515 517 8
513 514 8
514 516 8
55 518 32
55 519 32
518 522 32
522 7 32
519 523 16
523 7 32
518 521 16
521 523 16
519 520 16
520 522 16
50 524 16
50 525 16
524 528 16
528 53 16
525 529 8
529 53 16
524 527 8
527 529 8
525 526 8
526 528 8
53 530 16
53 531 16
530 534 16
534 55 16
531 535 8
535 55 16
530 533 8
533 535 8
531 532 8
532 534 8
51 536 16
51 537 16
536 540 16
540 52 16
537 541 8
541 52 16
536 539 8
539 541 8
537 538 8
538 540 8
52 542 16
52 543 16
542 546 16
546 54 16
543 547 8
547 54 16
542 545 8
545 547 8
543 544 8
544 546 8
3 548 32
3 549 32
548 552 32
552 56 32
549 553 16
553 56 32
548 551 16
551 553 16
549 550 16
550 552 16
3 554 32
3 555 32
554 558 32
558 57 32
555 559 16
559 57 32
554 557 16
557 559 16
555 556 16
556 558 16
56 560 32
56 561 32
560 564 32
564 60 32
561 565 16
565 60 32
560 563 16
563 565 16
561 562 16
562 564 16
60 566 32
60 567 32
566 570 32
570 4 32
567 571 16
571 4 32
566 569 16
569 571 16
567 568 16
568 570 16
57 572 16
57 573 16
572 576 16
576 61 16
573 577 8
577 61 16
572 575 8
575 577 8
573 574 8
574 576 8
61 578 32
61 579 32
578 582 32
582 4 32
579 583 16
583 4 32
578 581 16
581 583 16
579 580 16
580 582 16
56 584 16
56 585 16
584 588 16
588 59 16
585 589 8
589 59 16
584 587 8
587 589 8
585 586 8
586 588 8
59 590 16
59 591 16
590 594 16
594 61 16
591 595 8
595 61 16
590 593 8
593 595 8
591 592 8
592 594 8
57 596 16
57 597 16
596 600 16
600 58 16
597 601 8
601 58 16
596 599 8
599 601 8
597 598 8
598 600 8
58 602 16
58 603 16
602 606 16
606 60 16
603 607 8
607 60 16
602 605 8
605 607 8
603 604 8
604 606 8
4 608 32
4 609 32
608 612 32
612 62 32
609 613 16
613 62 32
608 611 16
611 613 16
609 610 16
610 612 16
4 614 32
4 615 32
614 618 32
618 63 32
615 619 16
619 63 32
614 617 16
617 619 16
615 616 16
616 618 16
62 620 32
62 621 32
620 624 32
624 66 32
621 625 16
625 66 32
620 623 16
623 625 16
621 622 16
622 624 16
66 626 32
66 627 32
626 630 32
630 6 32
627 631 16
631 6 32
626 629 16
629 631 16
627 628 16
628 630 16
63 632 16
63 633 16
632 636 16
636 67 16
633 637 8
637 67 16
632 635 8
635 637 8
633 634 8
634 636 8
67 638 32
67 639 32
638 642 32
642 6 32
639 643 16
643 6 32
638 641 16
641 643 16
639 640 16
640 642 16
62 644 16
62 645 16
644 648 16
648 65 16
645 649 8
649 65 16
644 647 8
647 649 8
645 646 8
646 648 8
65 650 16
65 651 16
650 654 16
654 67 16
651 655 8
655 67 16
650 653 8
653 655 8
651 652 8
652 654 8
63 656 16
63 657 16
656 660 16
660 64 16
657 661 8
661 64 16
656 659 8
659 661 8
657 658 8
658 660 8
64 662 16
64 663 16
662 666 16
666 66 16
663 667 8
667 66 16
662 665 8
665 667 8
663 664 8
664 666 8

